Latitude,Longitude,Elevation
52.54524000,13.40971000,45.0
52.54537000,13.40928000,46.0
52.54560000,13.40888000,51.0
52.54574000,13.40892000,52.0
52.54586000,13.40901000,53.0
52.54595000,13.40918000,55.0
52.54601000,13.40943000,55.0
52.54601000,13.40967000,55.0
52.54594000,13.40988000,53.0
52.54587000,13.41000000,51.0
52.54578000,13.41005000,50.0
52.54491000,13.41048000,50.0
52.54480000,13.41043000,48.0
52.54471000,13.41035000,46.0
52.54463000,13.41024000,46.0
52.54456000,13.40998000,44.0
52.54457000,13.40975000,45.0
52.54462000,13.40954000,44.0
52.54457000,13.40930000,45.0
52.54445000,13.40910000,47.0
52.54417000,13.40884000,48.0
52.54381000,13.40685000,50.0
52.54264000,13.40747000,52.0
52.54253000,13.40773000,50.0
52.54222000,13.40786000,50.0
52.54196000,13.40789000,50.0
52.54138000,13.40818000,53.0
52.54063000,13.40431000,49.0
52.53984000,13.40148000,50.0
52.53836000,13.39620000,50.0
52.53758000,13.39341000,48.0
52.53744000,13.39312000,47.0
52.53549000,13.39006000,40.0
52.53382000,13.38814000,40.0
52.53348000,13.38733000,38.0
52.53411000,13.38653000,40.0
52.53474000,13.38576000,41.0
52.53601000,13.38428000,43.0
52.53767000,13.38231000,37.0
52.54013000,13.37978000,39.0
52.54012000,13.37951000,38.0
52.53750000,13.37512000,35.0
52.53762000,13.37496000,36.0
52.53737000,13.37455000,36.0
52.53823000,13.37317000,41.0
52.53715000,13.37088000,36.0
52.53705000,13.37032000,36.0
52.53649000,13.36961000,35.0
52.53594000,13.36840000,37.0
52.53428000,13.37031000,36.0
52.53375000,13.36906000,34.0
52.53340000,13.36896000,37.0
52.53283000,13.36951000,42.0
52.53290000,13.36965000,43.0
52.53131000,13.37107000,27.0
52.53120000,13.37115000,28.0
52.53108000,13.37095000,29.0
52.53099000,13.37101000,30.0
52.53001000,13.37180000,34.0
52.52938000,13.37245000,35.0
52.52890000,13.37298000,36.0
52.52847000,13.37357000,37.0
52.52824000,13.37382000,37.0
52.52800000,13.37404000,37.0
52.52776000,13.37420000,37.0
52.52740000,13.37432000,35.0
52.52722000,13.37435000,35.0
52.52697000,13.37433000,33.0
52.52674000,13.37425000,32.0
52.52651000,13.37408000,31.0
52.52622000,13.37381000,30.0
52.52611000,13.37363000,30.0
52.52597000,13.37360000,30.0
52.52516000,13.37360000,37.0
52.52478000,13.37359000,34.0
52.52479000,13.37267000,29.0
52.52363000,13.37266000,31.0
52.52339000,13.37291000,31.0
52.52305000,13.37414000,28.0
52.52272000,13.37503000,28.0
52.52248000,13.37552000,27.0
52.52225000,13.37589000,27.0
52.52215000,13.37606000,28.0
52.52202000,13.37617000,29.0
52.52187000,13.37630000,32.0
52.52172000,13.37642000,35.0
52.52144000,13.37657000,39.0
52.52121000,13.37668000,37.0
52.52087000,13.37676000,33.0
52.52064000,13.37680000,33.0
52.52037000,13.37690000,34.0
52.52023000,13.37701000,33.0
52.52002000,13.37728000,31.0
52.51986000,13.37757000,31.0
52.51968000,13.37800000,31.0
52.51968000,13.37817000,30.0
52.51961000,13.37846000,30.0
52.51956000,13.37875000,30.0
52.51956000,13.37940000,30.0
52.51959000,13.38009000,31.0
52.51816000,13.38035000,41.0
52.51665000,13.38063000,42.0
52.51637000,13.38074000,41.0
52.51625000,13.38084000,41.0
52.51505000,13.38147000,42.0
52.51391000,13.38207000,37.0
52.51221000,13.38296000,37.0
52.51142000,13.38337000,38.0
52.51002000,13.38413000,36.0
52.50745000,13.38543000,40.0
52.50765000,13.38900000,38.0
52.50776000,13.38905000,39.0
52.50786000,13.38910000,40.0
52.50793000,13.38919000,41.0
52.50797000,13.38932000,42.0
52.50796000,13.38949000,43.0
52.50787000,13.38958000,42.0
52.50773000,13.38966000,40.0
52.50769000,13.38989000,41.0
52.50772000,13.39041000,39.0
52.50795000,13.39431000,47.0
52.50823000,13.39905000,37.0
52.50957000,13.39986000,44.0
52.50903000,13.40136000,41.0
52.50862000,13.40259000,36.0
52.50828000,13.40347000,32.0
52.50835000,13.40355000,32.0
52.50812000,13.40407000,37.0
52.50785000,13.40458000,36.0
52.50819000,13.40513000,39.0
52.50779000,13.40566000,40.0
52.50774000,13.40586000,39.0
52.50620000,13.40782000,35.0
52.50611000,13.40798000,34.0
52.50618000,13.40818000,33.0
52.50673000,13.40983000,38.0
52.50671000,13.41005000,37.0
52.50662000,13.41018000,37.0
52.50596000,13.41069000,38.0
52.50586000,13.41082000,38.0
52.50581000,13.41094000,37.0
52.50496000,13.41157000,37.0
52.50412000,13.41423000,40.0
52.50464000,13.41467000,33.0
52.50483000,13.41468000,33.0
52.50487000,13.41483000,33.0
52.50462000,13.41579000,32.0
52.50415000,13.41755000,40.0
52.50496000,13.41814000,39.0
52.50500000,13.41830000,38.0
52.50502000,13.41852000,38.0
52.50505000,13.41873000,38.0
52.50513000,13.41894000,37.0
52.50528000,13.41910000,35.0
52.50614000,13.41969000,38.0
52.50554000,13.42187000,38.0
52.50550000,13.42225000,36.0
52.50548000,13.42278000,37.0
52.50547000,13.42317000,37.0
52.50550000,13.42359000,36.0
52.50554000,13.42399000,35.0
52.50562000,13.42445000,35.0
52.50575000,13.42508000,36.0
52.50589000,13.42555000,39.0
52.50609000,13.42598000,40.0
52.50637000,13.42653000,40.0
52.50659000,13.42685000,39.0
52.50685000,13.42715000,36.0
52.50717000,13.42740000,37.0
52.50753000,13.42765000,36.0
52.50770000,13.42779000,36.0
52.50788000,13.42802000,35.0
52.50808000,13.42817000,34.0
52.50841000,13.42844000,34.0
52.50890000,13.42890000,33.0
52.51007000,13.42995000,35.0
52.51016000,13.42999000,34.0
52.50871000,13.43387000,35.0
52.50849000,13.43443000,37.0
52.50809000,13.43515000,40.0
52.50768000,13.43570000,36.0
52.50732000,13.43617000,34.0
52.50698000,13.43660000,32.0
52.50596000,13.43796000,32.0
52.50544000,13.43881000,28.0
52.50524000,13.43926000,30.0
52.50492000,13.44002000,32.0
52.50431000,13.44157000,32.0
52.50426000,13.44169000,32.0
52.50420000,13.44173000,32.0
52.50421000,13.44183000,32.0
52.50419000,13.44197000,32.0
52.50320000,13.44474000,33.0
52.50275000,13.44618000,32.0
52.50256000,13.44687000,32.0
52.50222000,13.44647000,29.0
52.50114000,13.44512000,34.0
52.50099000,13.44498000,36.0
52.50066000,13.44459000,38.0
52.50049000,13.44441000,38.0
52.49999000,13.44392000,40.0
52.49920000,13.44538000,38.0
52.49816000,13.44722000,41.0
52.49780000,13.44781000,43.0
52.49645000,13.45009000,39.0
52.49560000,13.44887000,34.0
52.49515000,13.44827000,38.0
52.49479000,13.44786000,39.0
52.49470000,13.44760000,39.0
52.49465000,13.44730000,38.0
52.49464000,13.44698000,36.0
52.49466000,13.44636000,32.0
52.49460000,13.44570000,31.0
52.49450000,13.44526000,30.0
52.49431000,13.44488000,31.0
52.49384000,13.44429000,35.0
52.49371000,13.44421000,34.0
52.49295000,13.44328000,35.0
52.49155000,13.44145000,34.0
52.49046000,13.44003000,36.0
52.49025000,13.43994000,37.0
52.48996000,13.43993000,35.0
52.48975000,13.44009000,34.0
52.48965000,13.43995000,34.0
52.48956000,13.43999000,34.0
52.48849000,13.44206000,41.0
52.48735000,13.44430000,38.0
52.48900000,13.44678000,33.0
52.48851000,13.44772000,35.0
52.48805000,13.44868000,36.0
52.48800000,13.44885000,36.0
52.48681000,13.45124000,37.0
52.48674000,13.45131000,37.0
52.48547000,13.45379000,41.0
52.48418000,13.45626000,34.0
52.48584000,13.45848000,34.0
52.48536000,13.45913000,36.0
52.48527000,13.45934000,36.0
52.48524000,13.45959000,36.0
52.48527000,13.45986000,36.0
52.48525000,13.46013000,36.0
52.48517000,13.46046000,34.0
52.48506000,13.46064000,34.0
52.48495000,13.46075000,34.0
52.48454000,13.46091000,34.0
52.48412000,13.46105000,34.0
52.48395000,13.46122000,34.0
52.48373000,13.46157000,35.0
52.48364000,13.46141000,34.0
52.48236000,13.46321000,38.0
52.48100000,13.46516000,33.0
52.47821000,13.46906000,31.0
52.47689000,13.47089000,30.0
52.47642000,13.47098000,31.0
52.47603000,13.47094000,31.0
52.47567000,13.47087000,30.0
52.47518000,13.47054000,28.0
52.47449000,13.47043000,29.0
52.47431000,13.47026000,28.0
52.47406000,13.47008000,29.0
52.47387000,13.47010000,31.0
52.47360000,13.47017000,34.0
52.47330000,13.47018000,34.0
52.47312000,13.47032000,33.0
52.47283000,13.47069000,32.0
52.47270000,13.47099000,31.0
52.47230000,13.47113000,32.0
52.47202000,13.47153000,34.0
52.47186000,13.47183000,34.0
52.47177000,13.47210000,32.0
52.47165000,13.47232000,32.0
52.47149000,13.47246000,32.0
52.47128000,13.47261000,33.0
52.47116000,13.47269000,33.0
52.47109000,13.47282000,33.0
52.47099000,13.47293000,32.0
52.47068000,13.47284000,31.0
52.47056000,13.47285000,31.0
52.47045000,13.47275000,31.0
52.47015000,13.47299000,31.0
52.47011000,13.47337000,31.0
52.46983000,13.47369000,30.0
52.46953000,13.47415000,32.0
52.46922000,13.47420000,33.0
52.46899000,13.47447000,35.0
52.46883000,13.47469000,36.0
52.46854000,13.47498000,37.0
52.46847000,13.47513000,36.0
52.46835000,13.47547000,36.0
52.46813000,13.47574000,35.0
52.46786000,13.47602000,36.0
52.46760000,13.47612000,37.0
52.46741000,13.47631000,37.0
52.46702000,13.47690000,36.0
52.46682000,13.47717000,37.0
52.46654000,13.47728000,36.0
52.46636000,13.47742000,34.0
52.46613000,13.47789000,35.0
52.46603000,13.47800000,35.0
52.46583000,13.47818000,36.0
52.46547000,13.47850000,36.0
52.46532000,13.47864000,36.0
52.46500000,13.47877000,34.0
52.46476000,13.47902000,34.0
52.46458000,13.47918000,35.0
52.46439000,13.47914000,36.0
52.46426000,13.47902000,36.0
52.46411000,13.47882000,35.0
52.46390000,13.47873000,34.0
52.46367000,13.47870000,35.0
52.46337000,13.47870000,35.0
52.46327000,13.47867000,36.0
52.46316000,13.47854000,37.0
52.46309000,13.47823000,38.0
52.46287000,13.47815000,38.0
52.46254000,13.47790000,36.0
52.46232000,13.47774000,35.0
52.46195000,13.47738000,35.0
52.46169000,13.47724000,35.0
52.46104000,13.47634000,38.0
52.46061000,13.47620000,39.0
52.46037000,13.47604000,38.0
52.46016000,13.47585000,36.0
52.46019000,13.47545000,36.0
52.46022000,13.47513000,36.0
52.46024000,13.47496000,35.0
52.46032000,13.47460000,35.0
52.46054000,13.47407000,36.0
52.46125000,13.47279000,38.0
52.46100000,13.47237000,37.0
52.46087000,13.47220000,36.0
52.46070000,13.47208000,35.0
52.46038000,13.47202000,36.0
52.45933000,13.47197000,33.0
52.45878000,13.47194000,38.0
52.45879000,13.47151000,39.0
52.45892000,13.46505000,34.0
52.45899000,13.46059000,31.0
52.45904000,13.46023000,32.0
52.45920000,13.45960000,33.0
52.45923000,13.45878000,33.0
52.45919000,13.45852000,32.0
52.45911000,13.45814000,32.0
52.45900000,13.45789000,30.0
52.45888000,13.45768000,29.0
52.45875000,13.45759000,29.0
52.45861000,13.45759000,30.0
52.45845000,13.45767000,32.0
52.45824000,13.45783000,34.0
52.45671000,13.45900000,33.0
52.45598000,13.45952000,33.0
52.45453000,13.46049000,29.0
52.45436000,13.46052000,29.0
52.45423000,13.46061000,29.0
52.45405000,13.46073000,30.0
52.45383000,13.46098000,31.0
52.45247000,13.46190000,34.0
52.45200000,13.46221000,32.0
52.45139000,13.46277000,31.0
52.45082000,13.46342000,32.0
52.45040000,13.46391000,34.0
52.44977000,13.46476000,34.0
52.44915000,13.46574000,33.0
52.44825000,13.46752000,31.0
52.44739000,13.46930000,32.0
52.44601000,13.47214000,35.0
52.44505000,13.47414000,34.0
52.44405000,13.47616000,34.0
52.44309000,13.47814000,29.0
52.44279000,13.47863000,31.0
52.44260000,13.47912000,31.0
52.44247000,13.47944000,30.0
52.44158000,13.48128000,33.0
52.44067000,13.48318000,31.0
52.44012000,13.48432000,31.0
52.43963000,13.48537000,33.0
52.43891000,13.48682000,31.0
52.43802000,13.48868000,34.0
52.43750000,13.48971000,32.0
52.43662000,13.49147000,32.0
52.43550000,13.49379000,33.0
52.43470000,13.49545000,32.0
52.43432000,13.49620000,32.0
52.43413000,13.49656000,32.0
52.43392000,13.49702000,31.0
52.43374000,13.49732000,30.0
52.43358000,13.49758000,30.0
52.43341000,13.49796000,31.0
52.43329000,13.49838000,30.0
52.43320000,13.49856000,30.0
52.43282000,13.49930000,31.0
52.43209000,13.50086000,33.0
52.43132000,13.50245000,28.0
52.43059000,13.50395000,28.0
52.43017000,13.50479000,33.0
52.42977000,13.50567000,33.0
52.42945000,13.50635000,33.0
52.42892000,13.50772000,30.0
52.42862000,13.50862000,30.0
52.42816000,13.50993000,33.0
52.42771000,13.51167000,29.0
52.42746000,13.51290000,32.0
52.42731000,13.51369000,31.0
52.42726000,13.51416000,31.0
52.42706000,13.51568000,31.0
52.42685000,13.51779000,32.0
52.42673000,13.51913000,30.0
52.42667000,13.51958000,32.0
52.42665000,13.51979000,32.0
52.42678000,13.51981000,32.0
52.42690000,13.51977000,32.0
52.42709000,13.51940000,31.0
52.42707000,13.51859000,29.0
52.42729000,13.51802000,29.0
52.42732000,13.51807000,29.0
52.42724000,13.51829000,29.0
52.42709000,13.51870000,29.0
52.42690000,13.51908000,29.0
52.42668000,13.51946000,32.0
52.42642000,13.51987000,32.0
52.42606000,13.52034000,33.0
52.42562000,13.52073000,34.0
52.42527000,13.52092000,33.0
52.42487000,13.52110000,32.0
52.42432000,13.52127000,31.0
52.42384000,13.52140000,33.0
52.42371000,13.52138000,34.0
52.42348000,13.52143000,35.0
52.42262000,13.52152000,34.0
52.42046000,13.52147000,39.0
52.41986000,13.52162000,40.0
52.41938000,13.52192000,40.0
52.41835000,13.52238000,47.0
52.41726000,13.52280000,46.0
52.41628000,13.52309000,48.0
52.41480000,13.52331000,49.0
52.41439000,13.52338000,47.0
52.41196000,13.52340000,45.0
52.41046000,13.52305000,44.0
52.40836000,13.52215000,41.0
52.40658000,13.52119000,42.0
52.40553000,13.52044000,41.0
52.40459000,13.51966000,41.0
52.40354000,13.51864000,42.0
52.40257000,13.51729000,42.0
52.40194000,13.51624000,45.0
52.40178000,13.51588000,45.0
52.40130000,13.51413000,45.0
52.40130000,13.51391000,45.0
52.40125000,13.51377000,44.0
52.40114000,13.51353000,44.0
52.40005000,13.50657000,45.0
52.39936000,13.50078000,43.0
52.39877000,13.49726000,40.0
52.39804000,13.49752000,44.0
52.39690000,13.49029000,44.0
52.39613000,13.48527000,48.0
52.39740000,13.48629000,50.0
52.39761000,13.48652000,51.0
52.39760000,13.48632000,51.0
52.39765000,13.48613000,52.0
52.39743000,13.48567000,53.0
52.39739000,13.48544000,54.0
52.39729000,13.48392000,57.0
52.39720000,13.48286000,65.0
52.39738000,13.48331000,64.0
52.39750000,13.48336000,66.0
52.39756000,13.48323000,67.0
52.39757000,13.48279000,69.0
52.39750000,13.48237000,73.0
52.39747000,13.48220000,74.0
52.39744000,13.48174000,76.0
52.39741000,13.48156000,76.0
52.39730000,13.48132000,75.0
52.39714000,13.48094000,72.0
52.39712000,13.48078000,70.0
52.39715000,13.48066000,70.0
52.39733000,13.48063000,70.0
52.39743000,13.48069000,71.0
52.39757000,13.48054000,68.0
52.39780000,13.48036000,62.0
52.39782000,13.48020000,59.0
52.39791000,13.48012000,56.0
52.39804000,13.47993000,52.0
52.39814000,13.47996000,50.0
52.39823000,13.48011000,48.0
52.39836000,13.47954000,44.0
52.39836000,13.47942000,44.0
52.39840000,13.47934000,43.0
52.39847000,13.47932000,43.0
52.39847000,13.47924000,42.0
52.39837000,13.47835000,41.0
52.39905000,13.47812000,40.0
52.39985000,13.47774000,38.0
52.40100000,13.47735000,39.0
52.40169000,13.47786000,38.0
52.40180000,13.47786000,38.0
52.40275000,13.47732000,38.0
52.40292000,13.47730000,38.0
52.40365000,13.47700000,36.0
52.40407000,13.47656000,37.0
52.40442000,13.47614000,37.0
52.40478000,13.47595000,37.0
52.40490000,13.47578000,38.0
52.40497000,13.47550000,38.0
52.40504000,13.47529000,38.0
52.40518000,13.47514000,38.0
52.40790000,13.47354000,39.0
52.40843000,13.47311000,37.0
52.41296000,13.47059000,40.0
52.41518000,13.46926000,40.0
52.41561000,13.46928000,41.0
52.41639000,13.46901000,43.0
52.42001000,13.46702000,44.0
52.42028000,13.46683000,45.0
52.42039000,13.46657000,45.0
52.42072000,13.46512000,46.0
52.42107000,13.46446000,48.0
52.42116000,13.46412000,48.0
52.42065000,13.45989000,54.0
52.42045000,13.45872000,44.0
52.42000000,13.45676000,44.0
52.41950000,13.45475000,46.0
52.41925000,13.45402000,45.0
52.41883000,13.45284000,43.0
52.41877000,13.45278000,43.0
52.41844000,13.45187000,42.0
52.41815000,13.45099000,44.0
52.41817000,13.45092000,44.0
52.41775000,13.44957000,44.0
52.41772000,13.44915000,45.0
52.41766000,13.44839000,46.0
52.41740000,13.44846000,45.0
52.41732000,13.44834000,45.0
52.41720000,13.44793000,45.0
52.41684000,13.44730000,46.0
52.41671000,13.44705000,45.0
52.41657000,13.44663000,44.0
52.41644000,13.44617000,44.0
52.41621000,13.44532000,45.0
52.41581000,13.44394000,46.0
52.41541000,13.44265000,48.0
52.41508000,13.44162000,49.0
52.41497000,13.44143000,49.0
52.41481000,13.44082000,50.0
52.41474000,13.44023000,51.0
52.41463000,13.43969000,50.0
52.41445000,13.43947000,49.0
52.41447000,13.43922000,48.0
52.41451000,13.43919000,48.0
52.41446000,13.43873000,48.0
52.41362000,13.43535000,43.0
52.41260000,13.43202000,43.0
52.41193000,13.42782000,44.0
52.41121000,13.42438000,41.0
52.41099000,13.42359000,44.0
52.41088000,13.42308000,43.0
52.41074000,13.42235000,42.0
52.41061000,13.42123000,45.0
52.41039000,13.42128000,44.0
52.40988000,13.42048000,46.0
52.40959000,13.41999000,46.0
52.40910000,13.41972000,47.0
52.40709000,13.41938000,47.0
52.40660000,13.41955000,49.0
52.40498000,13.42029000,45.0
52.40424000,13.42065000,43.0
52.40324000,13.42110000,43.0
52.40156000,13.42181000,44.0
52.40026000,13.42241000,45.0
52.39846000,13.42321000,46.0
52.39741000,13.42366000,47.0
52.39591000,13.42435000,45.0
52.39551000,13.42452000,44.0
52.39513000,13.42455000,43.0
52.39501000,13.42448000,43.0
52.39494000,13.42449000,43.0
52.39484000,13.42458000,43.0
52.39475000,13.42475000,42.0
52.39466000,13.42483000,42.0
52.39451000,13.42501000,42.0
52.39259000,13.42575000,43.0
52.38988000,13.42691000,44.0
52.38660000,13.42829000,42.0
52.38633000,13.42744000,47.0
52.38561000,13.42506000,46.0
52.38527000,13.42403000,47.0
52.38505000,13.42329000,46.0
52.38485000,13.42251000,46.0
52.38437000,13.42061000,45.0
52.38360000,13.41743000,48.0
52.38332000,13.41582000,46.0
52.38283000,13.41299000,45.0
52.38254000,13.41125000,44.0
52.38221000,13.40945000,46.0
52.38202000,13.40778000,46.0
52.38202000,13.40605000,48.0
52.38202000,13.40135000,46.0
52.38202000,13.40021000,47.0
52.38210000,13.39973000,47.0
52.38227000,13.39950000,46.0
52.38244000,13.39941000,46.0
52.38206000,13.39813000,47.0
52.38210000,13.39534000,47.0
52.38217000,13.38869000,49.0
52.38227000,13.38699000,44.0
52.38672000,13.38621000,43.0
52.38740000,13.38603000,44.0
52.38755000,13.38575000,45.0
52.38735000,13.37893000,42.0
52.38729000,13.37744000,46.0
52.38732000,13.37647000,45.0
52.38756000,13.37337000,45.0
52.38783000,13.36911000,45.0
52.39170000,13.37015000,46.0
52.39232000,13.37032000,44.0
52.39246000,13.37024000,44.0
52.39382000,13.36633000,46.0
52.39454000,13.36435000,44.0
52.39497000,13.36323000,45.0
52.39547000,13.36200000,47.0
52.39646000,13.35993000,48.0
52.39699000,13.35884000,48.0
52.39733000,13.35830000,49.0
52.39835000,13.35679000,46.0
52.39920000,13.35550000,47.0
52.40014000,13.35399000,47.0
52.40124000,13.35240000,45.0
52.40172000,13.35288000,49.0
52.40183000,13.35287000,48.0
52.40199000,13.35284000,48.0
52.40208000,13.35293000,47.0
52.40221000,13.35266000,46.0
52.40224000,13.35250000,45.0
52.40213000,13.35230000,46.0
52.40168000,13.35175000,45.0
52.40458000,13.34715000,46.0
52.40771000,13.34217000,47.0
52.40841000,13.34110000,47.0
52.40964000,13.33981000,46.0
52.40971000,13.33961000,46.0
52.40973000,13.33941000,45.0
52.40877000,13.33697000,47.0
52.40784000,13.33453000,45.0
52.40688000,13.33194000,46.0
52.40635000,13.33047000,45.0
52.40530000,13.32763000,47.0
52.40496000,13.32680000,45.0
52.40238000,13.32015000,44.0
52.40161000,13.31803000,45.0
52.40106000,13.31655000,47.0
52.40072000,13.31563000,48.0
52.40046000,13.31512000,49.0
52.39862000,13.31211000,46.0
52.40019000,13.31046000,48.0
52.40179000,13.30875000,44.0
52.40319000,13.30720000,43.0
52.40351000,13.30688000,44.0
52.40375000,13.30679000,45.0
52.40402000,13.30687000,47.0
52.40430000,13.30700000,48.0
52.40523000,13.30612000,47.0
52.40553000,13.30577000,46.0
52.40584000,13.30537000,46.0
52.40584000,13.30497000,45.0
52.40694000,13.30389000,47.0
52.40699000,13.30348000,45.0
52.40792000,13.30257000,42.0
52.40856000,13.30187000,44.0
52.41036000,13.29950000,43.0
52.41069000,13.29907000,45.0
52.41168000,13.29797000,42.0
52.41421000,13.29535000,36.0
52.41394000,13.29443000,34.0
52.41340000,13.29261000,36.0
52.41326000,13.29223000,36.0
52.41305000,13.29177000,35.0
52.41269000,13.29105000,35.0
52.41208000,13.29012000,34.0
52.41125000,13.28876000,35.0
52.40987000,13.28629000,38.0
52.40892000,13.28457000,36.0
52.40825000,13.28338000,39.0
52.40807000,13.28295000,38.0
52.40786000,13.28247000,36.0
52.40663000,13.28028000,34.0
52.40621000,13.27956000,36.0
52.40581000,13.27878000,35.0
52.40497000,13.27734000,36.0
52.40488000,13.27722000,36.0
52.40462000,13.27655000,38.0
52.40438000,13.27569000,37.0
52.40405000,13.27388000,35.0
52.40378000,13.27243000,35.0
52.40360000,13.27110000,33.0
52.40354000,13.26994000,32.0
52.40357000,13.26910000,36.0
52.40318000,13.26913000,35.0
52.40309000,13.26923000,35.0
52.40294000,13.26920000,35.0
52.40288000,13.26901000,35.0
52.40292000,13.26874000,36.0
52.40301000,13.26865000,36.0
52.40310000,13.26813000,36.0
52.40329000,13.26736000,38.0
52.40410000,13.26309000,34.0
52.40456000,13.26042000,36.0
52.40469000,13.25944000,36.0
52.40372000,13.25907000,39.0
52.40375000,13.25890000,39.0
52.40387000,13.25896000,39.0
52.40384000,13.25911000,39.0
52.40472000,13.25944000,36.0
52.40470000,13.25960000,36.0
52.40480000,13.25963000,35.0
52.40475000,13.26021000,36.0
52.40383000,13.26546000,32.0
52.40354000,13.26710000,35.0
52.40333000,13.26772000,37.0
52.40322000,13.26827000,36.0
52.40317000,13.26872000,35.0
52.40319000,13.26882000,35.0
52.40324000,13.26885000,35.0
52.40358000,13.26894000,36.0
52.40406000,13.26890000,34.0
52.40448000,13.26881000,33.0
52.40456000,13.26749000,33.0
52.40492000,13.26521000,34.0
52.40505000,13.26464000,35.0
52.40520000,13.26410000,35.0
52.40539000,13.26357000,32.0
52.40637000,13.26153000,33.0
52.40654000,13.26092000,33.0
52.40672000,13.25965000,34.0
52.40673000,13.25726000,35.0
52.40667000,13.25690000,35.0
52.40651000,13.25503000,38.0
52.40643000,13.25426000,36.0
52.40627000,13.25323000,34.0
52.40629000,13.25259000,34.0
52.40658000,13.25185000,38.0
52.40765000,13.25157000,39.0
52.40749000,13.24943000,42.0
52.40749000,13.24928000,42.0
52.40815000,13.24922000,37.0
52.40854000,13.24928000,36.0
52.40942000,13.24931000,37.0
52.41075000,13.24937000,37.0
52.41148000,13.24935000,36.0
52.41222000,13.24926000,38.0
52.41402000,13.24878000,36.0
52.41416000,13.24852000,37.0
52.41565000,13.24807000,42.0
52.41649000,13.24817000,45.0
52.41677000,13.24815000,45.0
52.41747000,13.24777000,41.0
52.41845000,13.24864000,41.0
52.41882000,13.24894000,41.0
52.41924000,13.24915000,42.0
52.41979000,13.24818000,41.0
52.42073000,13.24656000,42.0
52.42154000,13.24559000,42.0
52.42142000,13.24525000,40.0
52.42114000,13.23942000,42.0
52.42111000,13.23583000,44.0
52.42107000,13.23528000,45.0
52.42070000,13.23320000,44.0
52.42066000,13.23274000,44.0
52.42065000,13.23216000,44.0
52.42082000,13.22884000,43.0
52.42102000,13.22698000,45.0
52.42102000,13.22684000,45.0
52.42089000,13.22642000,44.0
52.42093000,13.22619000,44.0
52.42102000,13.22614000,44.0
52.42090000,13.22562000,44.0
52.42086000,13.22509000,44.0
52.42241000,13.22486000,44.0
52.42452000,13.22467000,50.0
52.42352000,13.22151000,48.0
52.42180000,13.21637000,43.0
52.42095000,13.21381000,55.0
52.41957000,13.20945000,51.0
52.41934000,13.20872000,49.0
52.41864000,13.20657000,53.0
52.41756000,13.20324000,53.0
52.41722000,13.20226000,55.0
52.41685000,13.20112000,58.0
52.41557000,13.19734000,40.0
52.41511000,13.19593000,53.0
52.41335000,13.19059000,58.0
52.41274000,13.18881000,59.0
52.41148000,13.18506000,61.0
52.40906000,13.17778000,52.0
52.40802000,13.17468000,53.0
52.40656000,13.17028000,52.0
52.40392000,13.16230000,53.0
52.40154000,13.15522000,55.0
52.39889000,13.14742000,45.0
52.39893000,13.14692000,43.0
52.39894000,13.14651000,40.0
52.39891000,13.14603000,36.0
52.39898000,13.14560000,35.0
52.39904000,13.14537000,34.0
52.39771000,13.14369000,36.0
52.39839000,13.14331000,35.0
52.39859000,13.14325000,35.0
52.39879000,13.14326000,35.0
52.39895000,13.14320000,35.0
52.39906000,13.14310000,34.0
52.39915000,13.14287000,34.0
52.39921000,13.14266000,34.0
52.39921000,13.14199000,35.0
52.39925000,13.14183000,35.0
52.39947000,13.14132000,36.0
52.39900000,13.14038000,39.0
52.39843000,13.13938000,41.0
52.39781000,13.13847000,42.0
52.39814000,13.13681000,38.0
52.39814000,13.13668000,38.0
52.39810000,13.13655000,38.0
52.39827000,13.13601000,40.0
52.39832000,13.13579000,41.0
52.39851000,13.13513000,40.0
52.39847000,13.13516000,40.0
52.39807000,13.13648000,38.0
52.39680000,13.13341000,43.0
52.39598000,13.13150000,43.0
52.39583000,13.13127000,44.0
52.39565000,13.13098000,43.0
52.39528000,13.12792000,39.0
52.39519000,13.12356000,44.0
52.39663000,13.12109000,42.0
52.39725000,13.12077000,43.0
52.39770000,13.12043000,42.0
52.39799000,13.12013000,41.0
52.39934000,13.11857000,39.0
52.40054000,13.11645000,39.0
52.40101000,13.11591000,39.0
52.40124000,13.11557000,40.0
52.40151000,13.11499000,40.0
52.40168000,13.11437000,39.0
52.40172000,13.11403000,39.0
52.40171000,13.11357000,41.0
52.40167000,13.11313000,41.0
52.40159000,13.11282000,42.0
52.40149000,13.11254000,42.0
52.40249000,13.11087000,43.0
52.40296000,13.11000000,43.0
52.40317000,13.10971000,44.0
52.40353000,13.10933000,44.0
52.40388000,13.10904000,46.0
52.40429000,13.10874000,49.0
52.40480000,13.10842000,49.0
52.40568000,13.10736000,51.0
52.40610000,13.10649000,48.0
52.40641000,13.10547000,47.0
52.40657000,13.10461000,52.0
52.40664000,13.10396000,53.0
52.40678000,13.10274000,54.0
52.40694000,13.10121000,53.0
52.40725000,13.10152000,47.0
52.40743000,13.10179000,44.0
52.40759000,13.10212000,40.0
52.40769000,13.10218000,39.0
52.40781000,13.10214000,38.0
52.40792000,13.10202000,38.0
52.40797000,13.10188000,38.0
52.40804000,13.10134000,40.0
52.40813000,13.10093000,41.0
52.40820000,13.10089000,40.0
52.40863000,13.10109000,33.0
52.40872000,13.10113000,33.0
52.40896000,13.10112000,33.0
52.40928000,13.10141000,33.0
52.41014000,13.09918000,33.0
52.41020000,13.09925000,33.0
52.41024000,13.09921000,33.0
52.41042000,13.09873000,34.0
52.41081000,13.09906000,34.0
52.41092000,13.09903000,34.0
52.41099000,13.09893000,34.0
52.41110000,13.09899000,34.0
52.41164000,13.09781000,33.0
52.41288000,13.09678000,38.0
52.41316000,13.09666000,38.0
52.41315000,13.09589000,37.0
52.41323000,13.09510000,35.0
52.41330000,13.09452000,36.0
52.41338000,13.09369000,39.0
52.41342000,13.09280000,36.0
52.41341000,13.09188000,33.0
52.41341000,13.08995000,27.0
52.41341000,13.08867000,33.0
52.41337000,13.08824000,36.0
52.41331000,13.08801000,36.0
52.41309000,13.08821000,34.0
52.41301000,13.08843000,34.0
52.41300000,13.08867000,33.0
52.41309000,13.08895000,32.0
52.41324000,13.08909000,31.0
52.41328000,13.08917000,31.0
52.41359000,13.08919000,30.0
52.41383000,13.08898000,32.0
52.41398000,13.08884000,31.0
52.41399000,13.08870000,32.0
52.41398000,13.08853000,32.0
52.41402000,13.08831000,32.0
52.41421000,13.08783000,31.0
52.41419000,13.08759000,31.0
52.41425000,13.08733000,31.0
52.41441000,13.08703000,31.0
52.41453000,13.08632000,32.0
52.41480000,13.08550000,35.0
52.41504000,13.08483000,35.0
52.41538000,13.08383000,33.0
52.41532000,13.08368000,33.0
52.41536000,13.08349000,33.0
52.41569000,13.08208000,32.0
52.41610000,13.08043000,33.0
52.41621000,13.08023000,32.0
52.41637000,13.08004000,32.0
52.41643000,13.07979000,32.0
52.41661000,13.07931000,33.0
52.41682000,13.07866000,33.0
52.41701000,13.07822000,33.0
52.41718000,13.07805000,34.0
52.41760000,13.07776000,36.0
52.41800000,13.07758000,36.0
52.41857000,13.07758000,33.0
52.41917000,13.07769000,33.0
52.41947000,13.07776000,34.0
52.41975000,13.07786000,33.0
52.42000000,13.07806000,32.0
52.42036000,13.07823000,28.0
52.42052000,13.07823000,28.0
52.42067000,13.07815000,28.0
52.42085000,13.07784000,28.0
52.42090000,13.07754000,28.0
52.42043000,13.07568000,34.0
52.42023000,13.07456000,36.0
52.42017000,13.07403000,34.0
52.42008000,13.07354000,34.0
52.42005000,13.07317000,35.0
52.42007000,13.07305000,35.0
52.42021000,13.07231000,36.0
52.42034000,13.07187000,38.0
52.42049000,13.07145000,42.0
52.42103000,13.07058000,41.0
52.42155000,13.06980000,42.0
52.42186000,13.06937000,40.0
52.42200000,13.06910000,38.0
52.42224000,13.06921000,37.0
52.42236000,13.06924000,36.0
52.42254000,13.06918000,36.0
52.42328000,13.06876000,36.0
52.42367000,13.06873000,36.0
52.42434000,13.06890000,36.0
52.42571000,13.06932000,36.0
52.42591000,13.06920000,36.0
52.42608000,13.06890000,36.0
52.42619000,13.06865000,37.0
52.42673000,13.06834000,31.0
52.42763000,13.06577000,40.0
52.42787000,13.06532000,39.0
52.42821000,13.06508000,36.0
52.42863000,13.06495000,37.0
52.42975000,13.06502000,42.0
52.42993000,13.06503000,41.0
52.43004000,13.06498000,41.0
52.43011000,13.06487000,41.0
52.43028000,13.06466000,40.0
52.43061000,13.06358000,46.0
52.43113000,13.06240000,40.0
52.43139000,13.06215000,39.0
52.43176000,13.06137000,39.0
52.43228000,13.06100000,38.0
52.43240000,13.06045000,41.0
52.43282000,13.05979000,41.0
52.43328000,13.05944000,42.0
52.43376000,13.05834000,37.0
52.43408000,13.05779000,38.0
52.43454000,13.05751000,40.0
52.43482000,13.05691000,43.0
52.43506000,13.05629000,42.0
52.43534000,13.05586000,39.0
52.43553000,13.05533000,40.0
52.43554000,13.05500000,41.0
52.43584000,13.05418000,38.0
52.43602000,13.05197000,41.0
52.43619000,13.05178000,39.0
52.43651000,13.05138000,37.0
52.43772000,13.05071000,35.0
52.43828000,13.05055000,36.0
52.43928000,13.04985000,34.0
52.44113000,13.04864000,35.0
52.44321000,13.04714000,41.0
52.44338000,13.04712000,42.0
52.44408000,13.04761000,46.0
52.44470000,13.04713000,51.0
52.44486000,13.04690000,52.0
52.44531000,13.04659000,55.0
52.44557000,13.04660000,56.0
52.44597000,13.04670000,58.0
52.44649000,13.04665000,57.0
52.44669000,13.04673000,57.0
52.44752000,13.04676000,51.0
52.44771000,13.04684000,44.0
52.44781000,13.04615000,47.0
52.44837000,13.04621000,44.0
52.44992000,13.04637000,47.0
52.45020000,13.04638000,47.0
52.45264000,13.04679000,39.0
52.45366000,13.04695000,41.0
52.45645000,13.04777000,37.0
52.45672000,13.04794000,37.0
52.45741000,13.04867000,38.0
52.45798000,13.04924000,37.0
52.45823000,13.04976000,36.0
52.45842000,13.05031000,35.0
52.45860000,13.05078000,36.0
52.45876000,13.05148000,35.0
52.45911000,13.05237000,36.0
52.45965000,13.05412000,33.0
52.45957000,13.05423000,33.0
52.45924000,13.05433000,33.0
52.45902000,13.05453000,33.0
52.45880000,13.05491000,34.0
52.45850000,13.05587000,40.0
52.45825000,13.05688000,47.0
52.45801000,13.05806000,45.0
52.45784000,13.05871000,40.0
52.45751000,13.05937000,42.0
52.45736000,13.05948000,42.0
52.45715000,13.05955000,40.0
52.45693000,13.05949000,39.0
52.45665000,13.05957000,38.0
52.45601000,13.06013000,37.0
52.45554000,13.06052000,44.0
52.45538000,13.06072000,44.0
52.45482000,13.06252000,46.0
52.45463000,13.06300000,48.0
52.45441000,13.06313000,51.0
52.45409000,13.06314000,55.0
52.45389000,13.06304000,57.0
52.45318000,13.06311000,66.0
52.45273000,13.06337000,67.0
52.45228000,13.06396000,66.0
52.45182000,13.06430000,64.0
52.45101000,13.06470000,56.0
52.45027000,13.06525000,49.0
52.45009000,13.06550000,45.0
52.44984000,13.06601000,41.0
52.44952000,13.06655000,39.0
52.44930000,13.06678000,41.0
52.44852000,13.06767000,38.0
52.44794000,13.06827000,42.0
52.44760000,13.06849000,43.0
52.44716000,13.06870000,42.0
52.44682000,13.06880000,41.0
52.44671000,13.06896000,42.0
52.44659000,13.06890000,40.0
52.44601000,13.06899000,43.0
52.44521000,13.06888000,43.0
52.44433000,13.06840000,43.0
52.44360000,13.06789000,44.0
52.44315000,13.06744000,44.0
52.44287000,13.06718000,45.0
52.44253000,13.06672000,47.0
52.44198000,13.06509000,49.0
52.44191000,13.06464000,48.0
52.44079000,13.06330000,55.0
52.44064000,13.06304000,54.0
52.44046000,13.06254000,54.0
52.44030000,13.06177000,49.0
52.44010000,13.06119000,47.0
52.43983000,13.06087000,46.0
52.43956000,13.06083000,47.0
52.43932000,13.06087000,48.0
52.43911000,13.06096000,49.0
52.43799000,13.06247000,51.0
52.43770000,13.06266000,48.0
52.43725000,13.06285000,47.0
52.43677000,13.06336000,47.0
52.43622000,13.06395000,45.0
52.43579000,13.06441000,42.0
52.43538000,13.06519000,40.0
52.43409000,13.06804000,44.0
52.43378000,13.06839000,42.0
52.43316000,13.06902000,42.0
52.43264000,13.06964000,38.0
52.43223000,13.07015000,40.0
52.43170000,13.07075000,42.0
52.43126000,13.07120000,40.0
52.43098000,13.07162000,42.0
52.43062000,13.07250000,46.0
52.42978000,13.07217000,39.0
52.42941000,13.07215000,38.0
52.42905000,13.07221000,40.0
52.42841000,13.07249000,38.0
52.42808000,13.07283000,38.0
52.42731000,13.07320000,39.0
52.42702000,13.07354000,40.0
52.42648000,13.07419000,41.0
52.42596000,13.07486000,44.0
52.42566000,13.07542000,41.0
52.42451000,13.07863000,38.0
52.42411000,13.07966000,37.0
52.42404000,13.08001000,37.0
52.42403000,13.08038000,37.0
52.42420000,13.08081000,39.0
52.42515000,13.08226000,39.0
52.42544000,13.08286000,37.0
52.42575000,13.08380000,41.0
52.42602000,13.08492000,40.0
52.42625000,13.08641000,40.0
52.42636000,13.08663000,42.0
52.42647000,13.08717000,42.0
52.42642000,13.08807000,41.0
52.42622000,13.08864000,41.0
52.42594000,13.08926000,39.0
52.42572000,13.08961000,36.0
52.42530000,13.09016000,36.0
52.42508000,13.09076000,34.0
52.42479000,13.09183000,34.0
52.42464000,13.09343000,36.0
52.42465000,13.09385000,35.0
52.42472000,13.09427000,36.0
52.42473000,13.09456000,38.0
52.42470000,13.09477000,39.0
52.42625000,13.09481000,42.0
52.42713000,13.09482000,39.0
52.42717000,13.09501000,40.0
52.42726000,13.09516000,42.0
52.42738000,13.09513000,42.0
52.42748000,13.09506000,41.0
52.42764000,13.09526000,42.0
52.42776000,13.09512000,40.0
52.42815000,13.09550000,42.0
52.42825000,13.09565000,42.0
52.42851000,13.09648000,38.0
52.42856000,13.09658000,37.0
52.42876000,13.09773000,40.0
52.42908000,13.09915000,42.0
52.42916000,13.09929000,41.0
52.42934000,13.09936000,38.0
52.43108000,13.09961000,36.0
52.43248000,13.10115000,38.0
52.43321000,13.10198000,40.0
52.43383000,13.10295000,42.0
52.43427000,13.10355000,45.0
52.43626000,13.10653000,46.0
52.43751000,13.10831000,48.0
52.43869000,13.11028000,48.0
52.43906000,13.11124000,51.0
52.44000000,13.11392000,48.0
52.44107000,13.11450000,57.0
52.44202000,13.11532000,61.0
52.44243000,13.11680000,59.0
52.44267000,13.11753000,57.0
52.44286000,13.11852000,56.0
52.44381000,13.11847000,58.0
52.44431000,13.11764000,59.0
52.44455000,13.11712000,58.0
52.44500000,13.11618000,55.0
52.44567000,13.11450000,46.0
52.44820000,13.11151000,39.0
52.45073000,13.10826000,37.0
52.45146000,13.10888000,37.0
52.45398000,13.11077000,34.0
52.45458000,13.11098000,36.0
52.45602000,13.11123000,37.0
52.45650000,13.11110000,37.0
52.45684000,13.11071000,38.0
52.45707000,13.10973000,40.0
52.45736000,13.10713000,46.0
52.45763000,13.10637000,43.0
52.45790000,13.10575000,41.0
52.45809000,13.10557000,41.0
52.45835000,13.10542000,40.0
52.45903000,13.10567000,41.0
52.46177000,13.10643000,49.0
52.46411000,13.10632000,47.0
52.46478000,13.10649000,45.0
52.46649000,13.10723000,45.0
52.46787000,13.10792000,44.0
52.46874000,13.10859000,44.0
52.46993000,13.10900000,38.0
52.47074000,13.10921000,38.0
52.47112000,13.10947000,40.0
52.47223000,13.11047000,45.0
52.47347000,13.11145000,45.0
52.47443000,13.11551000,41.0
52.47493000,13.11792000,39.0
52.47534000,13.12051000,43.0
52.47535000,13.12073000,43.0
52.47544000,13.12119000,43.0
52.47576000,13.12205000,42.0
52.47714000,13.12186000,46.0
52.47726000,13.12200000,47.0
52.47760000,13.12401000,46.0
52.47777000,13.12516000,51.0
52.47828000,13.12588000,47.0
52.47869000,13.12687000,45.0
52.47998000,13.12901000,45.0
52.48223000,13.13186000,48.0
52.48353000,13.13357000,47.0
52.48524000,13.13579000,50.0
52.48541000,13.13642000,48.0
52.48656000,13.13766000,49.0
52.48747000,13.13920000,51.0
52.48801000,13.13956000,49.0
52.48938000,13.14125000,40.0
52.48927000,13.14327000,38.0
52.48928000,13.14351000,38.0
52.48935000,13.14362000,39.0
52.49034000,13.14380000,42.0
52.49298000,13.14714000,47.0
52.49329000,13.14767000,48.0
52.49446000,13.14913000,49.0
52.49604000,13.15124000,51.0
52.49675000,13.15229000,52.0
52.49769000,13.15342000,50.0
52.49794000,13.15276000,51.0
52.49999000,13.15568000,49.0
52.50239000,13.15926000,50.0
52.50452000,13.16246000,49.0
52.50581000,13.16435000,47.0
52.50712000,13.16619000,49.0
52.50765000,13.16685000,50.0
52.50820000,13.16741000,49.0
52.50846000,13.16777000,48.0
52.50870000,13.16818000,50.0
52.50914000,13.16913000,47.0
52.50936000,13.16846000,46.0
52.51022000,13.16605000,48.0
52.51106000,13.16351000,50.0
52.51206000,13.16083000,51.0
52.51242000,13.15993000,52.0
52.51282000,13.15881000,50.0
52.51304000,13.15779000,49.0
52.51347000,13.15669000,48.0
52.51356000,13.15621000,49.0
52.51444000,13.15388000,46.0
52.51460000,13.15385000,47.0
52.51473000,13.15362000,47.0
52.51533000,13.15239000,52.0
52.51560000,13.15179000,51.0
52.51582000,13.15112000,50.0
52.51667000,13.14905000,52.0
52.51699000,13.14875000,54.0
52.51720000,13.14833000,54.0
52.51728000,13.14749000,49.0
52.51754000,13.14586000,45.0
52.51766000,13.14560000,45.0
52.51802000,13.14527000,44.0
52.51846000,13.14511000,44.0
52.51904000,13.14463000,42.0
52.51928000,13.14427000,41.0
52.51949000,13.14355000,40.0
52.51973000,13.14317000,41.0
52.52126000,13.14312000,45.0
52.52144000,13.14327000,45.0
52.52150000,13.14345000,44.0
52.52148000,13.14390000,41.0
52.52155000,13.14404000,41.0
52.52165000,13.14404000,40.0
52.52210000,13.14368000,39.0
52.52267000,13.14360000,34.0
52.52338000,13.14353000,34.0
52.52360000,13.14338000,34.0
52.52399000,13.14336000,34.0
52.52405000,13.14331000,34.0
52.52414000,13.14332000,34.0
52.52409000,13.14356000,34.0
52.52419000,13.14362000,34.0
52.52424000,13.14339000,34.0
52.52519000,13.14354000,36.0
52.52656000,13.14383000,34.0
52.52753000,13.14404000,34.0
52.52781000,13.14420000,34.0
52.52858000,13.14473000,32.0
52.52869000,13.14468000,31.0
52.52879000,13.14451000,31.0
52.52966000,13.14512000,30.0
52.52981000,13.14480000,30.0
52.53016000,13.14407000,30.0
52.53086000,13.14265000,33.0
52.53110000,13.14217000,35.0
52.53132000,13.14238000,35.0
52.53206000,13.14145000,32.0
52.53258000,13.14170000,32.0
52.53407000,13.14207000,34.0
52.53580000,13.14220000,32.0
52.53679000,13.14219000,31.0
52.53770000,13.14227000,32.0
52.53831000,13.14243000,33.0
52.53958000,13.14290000,34.0
52.54118000,13.14318000,32.0
52.54386000,13.14356000,29.0
52.54622000,13.14390000,34.0
52.54659000,13.14403000,33.0
52.54711000,13.14406000,33.0
52.54756000,13.14399000,35.0
52.54796000,13.14383000,35.0
52.54956000,13.14287000,33.0
52.55122000,13.14184000,34.0
52.55181000,13.14158000,30.0
52.55209000,13.14155000,31.0
52.55237000,13.14165000,31.0
52.55206000,13.14310000,32.0
52.55210000,13.14421000,29.0
52.55238000,13.14454000,29.0
52.55245000,13.14477000,29.0
52.55248000,13.14501000,30.0
52.55260000,13.14539000,30.0
52.55292000,13.14586000,30.0
52.55334000,13.14603000,30.0
52.55384000,13.14641000,29.0
52.55411000,13.14658000,30.0
52.55453000,13.14656000,30.0
52.55492000,13.14677000,31.0
52.55517000,13.14696000,31.0
52.55609000,13.14694000,31.0
52.55697000,13.14687000,31.0
52.55783000,13.14688000,31.0
52.55801000,13.14671000,31.0
52.55840000,13.14663000,32.0
52.55869000,13.14628000,32.0
52.55915000,13.14591000,31.0
52.55921000,13.14561000,32.0
52.55964000,13.14568000,33.0
52.56011000,13.14564000,32.0
52.56056000,13.14561000,33.0
52.56074000,13.14572000,32.0
52.56107000,13.14599000,31.0
52.56114000,13.14668000,35.0
52.56128000,13.14697000,37.0
52.56142000,13.14720000,39.0
52.56229000,13.14737000,39.0
52.56333000,13.14753000,38.0
52.56374000,13.14748000,37.0
52.56418000,13.14749000,36.0
52.56438000,13.14752000,37.0
52.56483000,13.14789000,38.0
52.56531000,13.14847000,37.0
52.56592000,13.14905000,36.0
52.56660000,13.14982000,38.0
52.56716000,13.15033000,36.0
52.56761000,13.15058000,38.0
52.56797000,13.15051000,36.0
52.56851000,13.15084000,38.0
52.56926000,13.15133000,39.0
52.56949000,13.15138000,39.0
52.57000000,13.15148000,37.0
52.57017000,13.15179000,39.0
52.57033000,13.15216000,41.0
52.57052000,13.15251000,40.0
52.57147000,13.15282000,38.0
52.57260000,13.15300000,41.0
52.57288000,13.15321000,42.0
52.57312000,13.15349000,43.0
52.57340000,13.15364000,42.0
52.57444000,13.15353000,39.0
52.57476000,13.15371000,39.0
52.57533000,13.15357000,35.0
52.57578000,13.15375000,35.0
52.57685000,13.15355000,37.0
52.57711000,13.15363000,38.0
52.57745000,13.15364000,37.0
52.57797000,13.15354000,36.0
52.57830000,13.15328000,38.0
52.57863000,13.15322000,39.0
52.57884000,13.15325000,39.0
52.57936000,13.15292000,38.0
52.58026000,13.15231000,39.0
52.58054000,13.15205000,37.0
52.58115000,13.15169000,38.0
52.58160000,13.15138000,38.0
52.58203000,13.15138000,40.0
52.58224000,13.15126000,40.0
52.58262000,13.15067000,37.0
52.58297000,13.14995000,36.0
52.58419000,13.14987000,35.0
52.58495000,13.14997000,39.0
52.58556000,13.14951000,39.0
52.58574000,13.14930000,39.0
52.58590000,13.14896000,40.0
52.58567000,13.14511000,41.0
52.58571000,13.14487000,42.0
52.58615000,13.14403000,43.0
52.58624000,13.14395000,42.0
52.58638000,13.14402000,42.0
52.58659000,13.14425000,40.0
52.58714000,13.14409000,35.0
52.58728000,13.14402000,34.0
52.58736000,13.14380000,33.0
52.58744000,13.14291000,32.0
52.58732000,13.14196000,34.0
52.58771000,13.14184000,30.0
52.58821000,13.14188000,30.0
52.58856000,13.14179000,29.0
52.58889000,13.14185000,29.0
52.58915000,13.14199000,28.0
52.58936000,13.14217000,28.0
52.58963000,13.14333000,28.0
52.59168000,13.14903000,32.0
52.59209000,13.14969000,31.0
52.59398000,13.15211000,31.0
52.59560000,13.15377000,30.0
52.59572000,13.15405000,30.0
52.59576000,13.15296000,31.0
52.59589000,13.15300000,31.0
52.59643000,13.15352000,31.0
52.59662000,13.15422000,31.0
52.59746000,13.15561000,30.0
52.59789000,13.15641000,30.0
52.59812000,13.15791000,30.0
52.59795000,13.15845000,30.0
52.59791000,13.15898000,30.0
52.59839000,13.16201000,32.0
52.59869000,13.16412000,34.0
52.59858000,13.16435000,35.0
52.59843000,13.16445000,36.0
52.59747000,13.16469000,32.0
52.59717000,13.16465000,32.0
52.59700000,13.16482000,33.0
52.59690000,13.16540000,35.0
52.59686000,13.16626000,37.0
52.59699000,13.16711000,36.0
52.59698000,13.16818000,34.0
52.59676000,13.16999000,32.0
52.59634000,13.17181000,34.0
52.59537000,13.17346000,33.0
52.59515000,13.17413000,33.0
52.59503000,13.17482000,33.0
52.59491000,13.17624000,33.0
52.59490000,13.17815000,34.0
52.59454000,13.17950000,34.0
52.59416000,13.18059000,38.0
52.59396000,13.18123000,37.0
52.59379000,13.18228000,37.0
52.59366000,13.18328000,37.0
52.59345000,13.18408000,38.0
52.59318000,13.18465000,37.0
52.59262000,13.18531000,36.0
52.59238000,13.18558000,38.0
52.59179000,13.18737000,39.0
52.59119000,13.18919000,40.0
52.59067000,13.19050000,43.0
52.59031000,13.19108000,44.0
52.58983000,13.19334000,43.0
52.58922000,13.19634000,38.0
52.58901000,13.19830000,41.0
52.58874000,13.20004000,36.0
52.58864000,13.20050000,35.0
52.58826000,13.20161000,41.0
52.58795000,13.20218000,45.0
52.58770000,13.20230000,45.0
52.58713000,13.20318000,44.0
52.58703000,13.20325000,45.0
52.58662000,13.20367000,46.0
52.58602000,13.20447000,47.0
52.58488000,13.20614000,45.0
52.58480000,13.20634000,45.0
52.58462000,13.20655000,46.0
52.58435000,13.20701000,47.0
52.58558000,13.20919000,48.0
52.58556000,13.20950000,47.0
52.58546000,13.20989000,46.0
52.58566000,13.21019000,46.0
52.58573000,13.21046000,45.0
52.58566000,13.21081000,45.0
52.58557000,13.21119000,43.0
52.58550000,13.21160000,39.0
52.58568000,13.21205000,37.0
52.58575000,13.21214000,36.0
52.58580000,13.21227000,35.0
52.58586000,13.21247000,34.0
52.58603000,13.21258000,33.0
52.58641000,13.21267000,30.0
52.58731000,13.21290000,37.0
52.58738000,13.21305000,38.0
52.58750000,13.21342000,37.0
52.58767000,13.21341000,37.0
52.58784000,13.21324000,38.0
52.58797000,13.21317000,37.0
52.58831000,13.21311000,37.0
52.58864000,13.21306000,39.0
52.59068000,13.21285000,43.0
52.59116000,13.21286000,41.0
52.59209000,13.21292000,42.0
52.59275000,13.21294000,42.0
52.59312000,13.21256000,42.0
52.59406000,13.21135000,40.0
52.59465000,13.21054000,41.0
52.59528000,13.20956000,39.0
52.59543000,13.20913000,42.0
52.59628000,13.20703000,36.0
52.59640000,13.20677000,34.0
52.59660000,13.20652000,33.0
52.59673000,13.20644000,32.0
52.59697000,13.20573000,30.0
52.59768000,13.20385000,35.0
52.59798000,13.20350000,34.0
52.59813000,13.20343000,34.0
52.59846000,13.20325000,32.0
52.59875000,13.20246000,33.0
52.59911000,13.20191000,34.0
52.60013000,13.20155000,32.0
52.60032000,13.20151000,32.0
52.60043000,13.20140000,32.0
52.60071000,13.20085000,32.0
52.60093000,13.20070000,32.0
52.60133000,13.20056000,33.0
52.60195000,13.20036000,32.0
52.60221000,13.20031000,31.0
52.60245000,13.20017000,33.0
52.60294000,13.19984000,32.0
52.60317000,13.19955000,31.0
52.60335000,13.19930000,31.0
52.60353000,13.19918000,31.0
52.60379000,13.19924000,31.0
52.60407000,13.19941000,30.0
52.60477000,13.19984000,37.0
52.60502000,13.19986000,39.0
52.60542000,13.19977000,34.0
52.60606000,13.19978000,32.0
52.60689000,13.20014000,32.0
52.60697000,13.20007000,32.0
52.60737000,13.20028000,31.0
52.60777000,13.20056000,29.0
52.60808000,13.20096000,30.0
52.60851000,13.20166000,31.0
52.60894000,13.20256000,33.0
52.60937000,13.20336000,35.0
52.60971000,13.20370000,36.0
52.61012000,13.20396000,33.0
52.61036000,13.20398000,32.0
52.61085000,13.20392000,32.0
52.61113000,13.20400000,31.0
52.61128000,13.20407000,30.0
52.61149000,13.20436000,30.0
52.61158000,13.20465000,30.0
52.61165000,13.20505000,31.0
52.61277000,13.20486000,33.0
52.61350000,13.20478000,33.0
52.61356000,13.20475000,33.0
52.61359000,13.20464000,34.0
52.61394000,13.20470000,36.0
52.61421000,13.20479000,37.0
52.61466000,13.20490000,39.0
52.61530000,13.20495000,38.0
52.61545000,13.20490000,38.0
52.61694000,13.20451000,33.0
52.61713000,13.20445000,34.0
52.61725000,13.20448000,35.0
52.61732000,13.20462000,35.0
52.61720000,13.20479000,34.0
52.61701000,13.20484000,33.0
52.61670000,13.20495000,33.0
52.61644000,13.20512000,33.0
52.61685000,13.20648000,32.0
52.61745000,13.20806000,32.0
52.61818000,13.20895000,32.0
52.61869000,13.20971000,32.0
52.61997000,13.21100000,33.0
52.62042000,13.21153000,34.0
52.62189000,13.21338000,32.0
52.62389000,13.21459000,31.0
52.62410000,13.21465000,31.0
52.62529000,13.21518000,32.0
52.62586000,13.21545000,32.0
52.62685000,13.21584000,33.0
52.62748000,13.21611000,31.0
52.62833000,13.21629000,32.0
52.62905000,13.21632000,30.0
52.62952000,13.21512000,32.0
52.62974000,13.21446000,31.0
52.62999000,13.21389000,32.0
52.63034000,13.21376000,31.0
52.63090000,13.21370000,31.0
52.63099000,13.21398000,31.0
52.63110000,13.21433000,30.0
52.63076000,13.21449000,29.0
52.63063000,13.21464000,29.0
52.63037000,13.21505000,28.0
52.63034000,13.21526000,28.0
52.63039000,13.21586000,30.0
52.63046000,13.21610000,31.0
52.63067000,13.21624000,31.0
52.63125000,13.21603000,32.0
52.63282000,13.21565000,32.0
52.63300000,13.21578000,29.0
52.63325000,13.21577000,27.0
52.63331000,13.21571000,27.0
52.63336000,13.21561000,28.0
52.63352000,13.21443000,35.0
52.63369000,13.21448000,35.0
52.63385000,13.21360000,34.0
52.63400000,13.21319000,34.0
52.63401000,13.21254000,36.0
52.63408000,13.21234000,37.0
52.63422000,13.21220000,36.0
52.63459000,13.21201000,34.0
52.63478000,13.21299000,33.0
52.63506000,13.21344000,33.0
52.63527000,13.21360000,33.0
52.63616000,13.21378000,35.0
52.63702000,13.21392000,33.0
52.63693000,13.21448000,32.0
52.63662000,13.21593000,34.0
52.63642000,13.21698000,36.0
52.63626000,13.21800000,37.0
52.63619000,13.21876000,35.0
52.63611000,13.21877000,35.0
52.63603000,13.21893000,35.0
52.63594000,13.21910000,35.0
52.63601000,13.21942000,35.0
52.63560000,13.21981000,36.0
52.63280000,13.22404000,41.0
52.63219000,13.22499000,47.0
52.63159000,13.22574000,47.0
52.63025000,13.22643000,41.0
52.62994000,13.22656000,40.0
52.62977000,13.22657000,39.0
52.62931000,13.22648000,35.0
52.62867000,13.22626000,34.0
52.62834000,13.22602000,36.0
52.62809000,13.22589000,38.0
52.62779000,13.22596000,38.0
52.62776000,13.22644000,39.0
52.62753000,13.22810000,40.0
52.62746000,13.22901000,41.0
52.62738000,13.23034000,42.0
52.62742000,13.23128000,43.0
52.62754000,13.23335000,42.0
52.62763000,13.23429000,40.0
52.62778000,13.23615000,42.0
52.62783000,13.23775000,40.0
52.62780000,13.23907000,43.0
52.62791000,13.24103000,39.0
52.62798000,13.24129000,39.0
52.62807000,13.24183000,39.0
52.62821000,13.24251000,40.0
52.62817000,13.24320000,41.0
52.62858000,13.24448000,38.0
52.62841000,13.24578000,40.0
52.62797000,13.24932000,41.0
52.62806000,13.25460000,45.0
52.62849000,13.26332000,38.0
52.62854000,13.26349000,39.0
52.63086000,13.26383000,53.0
52.63526000,13.26339000,45.0
52.63909000,13.26145000,53.0
52.64079000,13.26140000,48.0
52.64107000,13.26151000,45.0
52.64111000,13.26182000,45.0
52.64009000,13.26945000,48.0
52.64008000,13.26989000,50.0
52.64060000,13.27379000,50.0
52.64091000,13.27611000,50.0
52.64118000,13.27741000,49.0
52.64148000,13.27886000,47.0
52.64232000,13.28056000,46.0
52.64318000,13.28245000,49.0
52.64346000,13.28282000,49.0
52.64381000,13.28303000,49.0
52.64583000,13.28319000,52.0
52.64790000,13.28352000,49.0
52.64804000,13.28377000,49.0
52.64807000,13.28398000,50.0
52.64805000,13.28421000,50.0
52.64808000,13.28443000,50.0
52.64796000,13.28478000,51.0
52.64790000,13.28508000,52.0
52.65005000,13.28544000,51.0
52.65199000,13.28575000,51.0
52.65465000,13.28599000,59.0
52.65537000,13.28608000,58.0
52.65522000,13.28481000,57.0
52.65961000,13.28530000,55.0
52.65979000,13.28519000,54.0
52.65994000,13.28496000,52.0
52.65998000,13.28446000,54.0
52.66042000,13.28462000,50.0
52.66152000,13.28525000,52.0
52.66227000,13.28566000,53.0
52.66225000,13.28579000,53.0
52.66223000,13.28604000,53.0
52.66236000,13.28613000,53.0
52.66215000,13.28671000,53.0
52.66208000,13.28705000,52.0
52.66208000,13.28728000,52.0
52.66201000,13.28915000,52.0
52.66196000,13.28943000,51.0
52.66181000,13.28999000,51.0
52.66172000,13.29045000,50.0
52.66140000,13.29313000,49.0
52.66130000,13.29424000,48.0
52.66128000,13.29497000,48.0
52.66120000,13.29515000,49.0
52.66112000,13.29518000,49.0
52.66094000,13.29611000,53.0
52.66086000,13.29624000,55.0
52.66039000,13.29665000,53.0
52.65999000,13.29667000,50.0
52.65989000,13.29988000,52.0
52.65981000,13.30229000,52.0
52.65985000,13.30486000,50.0
52.65941000,13.30464000,55.0
52.65894000,13.30467000,58.0
52.65826000,13.30484000,56.0
52.65737000,13.30474000,58.0
52.65703000,13.30458000,60.0
52.65682000,13.30457000,61.0
52.65650000,13.30469000,61.0
52.65651000,13.30487000,60.0
52.65574000,13.30510000,58.0
52.65545000,13.30356000,61.0
52.65358000,13.29952000,61.0
52.65348000,13.29965000,62.0
52.65188000,13.29859000,65.0
52.65174000,13.29889000,63.0
52.65184000,13.29975000,64.0
52.65177000,13.30032000,65.0
52.65154000,13.30089000,65.0
52.65116000,13.30139000,65.0
52.65015000,13.30230000,62.0
52.64923000,13.30316000,63.0
52.64849000,13.30381000,59.0
52.64802000,13.30409000,55.0
52.64717000,13.30488000,57.0
52.64548000,13.30589000,53.0
52.64546000,13.30679000,53.0
52.64500000,13.30671000,51.0
52.64465000,13.30647000,50.0
52.64452000,13.30630000,49.0
52.64413000,13.30570000,51.0
52.64391000,13.30538000,51.0
52.64319000,13.30486000,50.0
52.64308000,13.30462000,51.0
52.64238000,13.30429000,52.0
52.64189000,13.30416000,53.0
52.64150000,13.30431000,54.0
52.64123000,13.30463000,53.0
52.64107000,13.30488000,53.0
52.64031000,13.30650000,55.0
52.63969000,13.30486000,58.0
52.63727000,13.30606000,59.0
52.63636000,13.30656000,59.0
52.63315000,13.30931000,57.0
52.63275000,13.30966000,55.0
52.63209000,13.31003000,54.0
52.63109000,13.31034000,52.0
52.63056000,13.31049000,51.0
52.62753000,13.31148000,47.0
52.62757000,13.31298000,45.0
52.62748000,13.31348000,44.0
52.62732000,13.31402000,45.0
52.62688000,13.31535000,42.0
52.62664000,13.31717000,43.0
52.62618000,13.31872000,43.0
52.62609000,13.31925000,44.0
52.62605000,13.32050000,42.0
52.62596000,13.32202000,43.0
52.62585000,13.32343000,41.0
52.62547000,13.32513000,41.0
52.62535000,13.32529000,41.0
52.62542000,13.32624000,41.0
52.62552000,13.32688000,39.0
52.62571000,13.32725000,39.0
52.62596000,13.32751000,41.0
52.62622000,13.32790000,43.0
52.62790000,13.33103000,44.0
52.62826000,13.33152000,43.0
52.62786000,13.33372000,43.0
52.62756000,13.33492000,42.0
52.62774000,13.33736000,41.0
52.62760000,13.33747000,39.0
52.62767000,13.33814000,39.0
52.62764000,13.33866000,40.0
52.62768000,13.33997000,40.0
52.62766000,13.34077000,38.0
52.62738000,13.34245000,39.0
52.62720000,13.34298000,39.0
52.62720000,13.34325000,40.0
52.62707000,13.34383000,40.0
52.62695000,13.34435000,39.0
52.62677000,13.34487000,35.0
52.62637000,13.34688000,36.0
52.62640000,13.34873000,35.0
52.62637000,13.35075000,35.0
52.62636000,13.35109000,35.0
52.62643000,13.35139000,36.0
52.62658000,13.35195000,36.0
52.62720000,13.35417000,38.0
52.62746000,13.35514000,35.0
52.62737000,13.35578000,34.0
52.62707000,13.35767000,37.0
52.62678000,13.35967000,38.0
52.62667000,13.36133000,40.0
52.62677000,13.36609000,35.0
52.62672000,13.36625000,34.0
52.62634000,13.36659000,32.0
52.62598000,13.36696000,33.0
52.62570000,13.36738000,33.0
52.62541000,13.36754000,33.0
52.62487000,13.36778000,33.0
52.62438000,13.36832000,33.0
52.62402000,13.36878000,33.0
52.62325000,13.36960000,36.0
52.62262000,13.37024000,41.0
52.62215000,13.37073000,45.0
52.62152000,13.37127000,52.0
52.62028000,13.37219000,56.0
52.61726000,13.37433000,59.0
52.61483000,13.37614000,56.0
52.61136000,13.37875000,49.0
52.61018000,13.37795000,44.0
52.60949000,13.37746000,48.0
52.60934000,13.37759000,48.0
52.60752000,13.37642000,47.0
52.60575000,13.37604000,49.0
52.60511000,13.37567000,46.0
52.60477000,13.37548000,47.0
52.60450000,13.37523000,46.0
52.60268000,13.37371000,49.0
52.60046000,13.37206000,46.0
52.59980000,13.37154000,43.0
52.60017000,13.37110000,43.0
52.59905000,13.37001000,46.0
52.59812000,13.36891000,43.0
52.59632000,13.36672000,51.0
52.59407000,13.36396000,52.0
52.59299000,13.36266000,61.0
52.59215000,13.36165000,66.0
52.59170000,13.36113000,68.0
52.59162000,13.36086000,64.0
52.59141000,13.36083000,58.0
52.59125000,13.36062000,55.0
52.59105000,13.35866000,51.0
52.59099000,13.35853000,50.0
52.59091000,13.35852000,48.0
52.59071000,13.35436000,49.0
52.59067000,13.35293000,48.0
52.59062000,13.35184000,47.0
52.59054000,13.35093000,47.0
52.59041000,13.35007000,46.0
52.59015000,13.34869000,45.0
52.58993000,13.34776000,43.0
52.58962000,13.34835000,44.0
52.58953000,13.34838000,44.0
52.58896000,13.34955000,44.0
52.58818000,13.35104000,46.0
52.58758000,13.35200000,47.0
52.58661000,13.35373000,46.0
52.58430000,13.35793000,44.0
52.58289000,13.36054000,45.0
52.58234000,13.36166000,43.0
52.58127000,13.36369000,42.0
52.58124000,13.36387000,42.0
52.58142000,13.36400000,41.0
52.58099000,13.36469000,43.0
52.58038000,13.36566000,43.0
52.57950000,13.36727000,46.0
52.57919000,13.36767000,46.0
52.57876000,13.36845000,43.0
52.57722000,13.37128000,44.0
52.57672000,13.37253000,44.0
52.57605000,13.37423000,43.0
52.57573000,13.37491000,45.0
52.57493000,13.37635000,44.0
52.57503000,13.38000000,44.0
52.57424000,13.38098000,49.0
52.57332000,13.38218000,44.0
52.57309000,13.38269000,43.0
52.57275000,13.38350000,42.0
52.57270000,13.38365000,43.0
52.57265000,13.38376000,43.0
52.57252000,13.38360000,42.0
52.57215000,13.38408000,41.0
52.57180000,13.38461000,42.0
52.57100000,13.38608000,44.0
52.56957000,13.38865000,40.0
52.56941000,13.38892000,39.0
52.56891000,13.38971000,36.0
52.56877000,13.38987000,37.0
52.56832000,13.39072000,39.0
52.56816000,13.39068000,40.0
52.56786000,13.39059000,45.0
52.56778000,13.39046000,45.0
52.56764000,13.39034000,44.0
52.56745000,13.38967000,41.0
52.56740000,13.38975000,42.0
52.56730000,13.38995000,42.0
52.56705000,13.39028000,43.0
52.56675000,13.39041000,43.0
52.56662000,13.39066000,43.0
52.56653000,13.39112000,43.0
52.56619000,13.39167000,43.0
52.56585000,13.39211000,44.0
52.56554000,13.39261000,46.0
52.56483000,13.39368000,43.0
52.56495000,13.39391000,44.0
52.56492000,13.39397000,44.0
52.56499000,13.39411000,44.0
52.56491000,13.39424000,44.0
52.56459000,13.39365000,44.0
52.56444000,13.39342000,45.0
52.56413000,13.39283000,49.0
52.56299000,13.39416000,47.0
52.56234000,13.39488000,45.0
52.56153000,13.39547000,45.0
52.56065000,13.39613000,47.0
52.56006000,13.39655000,48.0
52.55972000,13.39666000,48.0
52.55934000,13.39665000,47.0
52.55901000,13.39656000,47.0
52.55854000,13.39632000,45.0
52.55816000,13.39601000,44.0
52.55786000,13.39561000,45.0
52.55765000,13.39589000,46.0
52.55827000,13.39693000,46.0
52.55848000,13.39739000,46.0
52.55859000,13.39767000,45.0
52.55866000,13.39792000,44.0
52.55845000,13.39940000,43.0
52.55744000,13.39893000,44.0
52.55676000,13.39884000,43.0
52.55544000,13.39888000,46.0
52.55446000,13.39892000,51.0
52.55328000,13.39927000,48.0
52.55222000,13.39967000,50.0
52.55155000,13.39996000,50.0
52.55152000,13.39983000,49.0
52.55116000,13.39993000,46.0
52.55060000,13.40035000,43.0
52.55064000,13.40046000,44.0
52.55103000,13.40016000,46.0
52.55099000,13.39963000,44.0
52.54980000,13.40007000,43.0
52.54911000,13.40036000,45.0
52.54886000,13.40038000,46.0
52.54851000,13.40041000,48.0
52.54787000,13.40067000,48.0
52.54655000,13.40126000,48.0
52.54490000,13.40210000,48.0
52.54560000,13.40598000,50.0
52.54386000,13.40685000,50.0
52.54419000,13.40879000,48.0
52.54447000,13.40906000,47.0
52.54459000,13.40925000,46.0
52.54465000,13.40954000,44.0
52.54460000,13.40984000,44.0
52.54460000,13.40997000,44.0
52.54463000,13.41010000,44.0
52.54466000,13.41023000,45.0
52.54473000,13.41030000,46.0
52.54477000,13.41034000,47.0
52.54481000,13.41038000,47.0
52.54491000,13.41042000,49.0
52.54584000,13.40996000,51.0
52.54591000,13.40984000,52.0
52.54597000,13.40967000,54.0
52.54597000,13.40952000,54.0
52.54596000,13.40941000,54.0
52.54593000,13.40929000,54.0
52.54587000,13.40915000,53.0
52.54580000,13.40904000,52.0
52.54573000,13.40899000,52.0
52.54564000,13.40896000,51.0
52.54524000,13.40971000,45.0
