Latitude,Longitude,Elevation
52.51938000,13.37616000,42.0
52.51946000,13.37616000,40.0
52.51954000,13.37616000,40.0
52.51955000,13.37481000,36.0
52.51955000,13.37354000,33.0
52.52080000,13.37354000,36.0
52.52166000,13.37534000,32.0
52.52207000,13.37653000,31.0
52.52273000,13.37559000,30.0
52.52341000,13.37374000,30.0
52.52596000,13.37375000,30.0
52.52684000,13.37460000,33.0
52.52778000,13.37439000,38.0
52.52941000,13.37242000,35.0
52.53112000,13.37100000,29.0
52.53121000,13.37122000,28.0
52.53290000,13.36972000,43.0
52.53287000,13.36950000,42.0
52.53347000,13.36899000,36.0
52.53374000,13.36912000,35.0
52.53645000,13.36615000,33.0
52.53689000,13.36582000,31.0
52.53795000,13.36251000,34.0
52.53806000,13.36206000,36.0
52.53794000,13.36171000,34.0
52.53986000,13.35884000,41.0
52.53921000,13.35669000,45.0
52.53970000,13.35489000,37.0
52.53977000,13.35351000,34.0
52.53897000,13.34901000,42.0
52.53891000,13.34678000,38.0
52.53970000,13.33991000,29.0
52.54105000,13.33490000,33.0
52.54141000,13.33428000,38.0
52.54130000,13.33045000,35.0
52.54124000,13.32842000,33.0
52.54139000,13.32766000,33.0
52.54323000,13.32530000,33.0
52.54341000,13.32573000,35.0
52.54388000,13.32513000,35.0
52.54398000,13.32404000,33.0
52.54508000,13.32233000,30.0
52.54501000,13.32210000,30.0
52.54819000,13.31787000,35.0
52.54824000,13.31518000,30.0
52.54883000,13.31428000,34.0
52.54987000,13.31685000,34.0
52.55010000,13.31675000,35.0
52.55076000,13.31317000,35.0
52.55038000,13.31242000,34.0
52.54878000,13.31199000,30.0
52.54874000,13.31052000,33.0
52.54862000,13.31006000,34.0
52.54876000,13.30167000,37.0
52.54875000,13.30081000,35.0
52.54887000,13.29642000,33.0
52.54922000,13.27792000,31.0
52.54926000,13.27245000,31.0
52.54953000,13.25969000,33.0
52.54954000,13.25773000,33.0
52.55034000,13.25316000,36.0
52.55133000,13.25053000,31.0
52.55204000,13.24934000,32.0
52.55224000,13.24866000,34.0
52.55712000,13.23904000,33.0
52.55726000,13.23902000,33.0
52.55734000,13.23889000,33.0
52.55750000,13.23838000,31.0
52.55752000,13.23815000,31.0
52.55760000,13.23793000,31.0
52.55766000,13.23794000,31.0
52.55770000,13.23802000,31.0
52.55776000,13.23793000,31.0
52.55700000,13.23679000,33.0
52.55656000,13.23545000,34.0
52.55649000,13.23315000,33.0
52.55655000,13.23315000,33.0
52.55661000,13.23312000,34.0
52.55684000,13.23271000,33.0
52.55691000,13.23181000,32.0
52.55712000,13.23152000,34.0
52.55839000,13.23097000,34.0
52.55841000,13.23086000,34.0
52.55874000,13.22901000,33.0
52.55885000,13.22872000,34.0
52.56023000,13.21988000,36.0
52.56022000,13.21972000,36.0
52.56113000,13.21274000,36.0
52.56122000,13.21275000,35.0
52.56470000,13.21594000,35.0
52.56634000,13.21685000,36.0
52.56637000,13.21701000,36.0
52.56630000,13.21847000,35.0
52.56621000,13.22117000,37.0
52.56622000,13.22128000,37.0
52.56660000,13.22194000,39.0
52.56667000,13.22198000,40.0
52.56704000,13.22212000,39.0
52.56811000,13.22171000,35.0
52.56845000,13.22191000,32.0
52.56852000,13.22199000,33.0
52.56868000,13.22253000,34.0
52.56880000,13.22253000,34.0
52.56892000,13.22248000,33.0
52.56899000,13.22255000,33.0
52.56908000,13.22280000,33.0
52.56943000,13.22338000,30.0
52.57029000,13.22287000,33.0
52.57047000,13.22275000,32.0
52.57111000,13.22136000,33.0
52.57188000,13.22117000,36.0
52.57211000,13.22118000,37.0
52.57220000,13.22118000,37.0
52.57292000,13.22121000,33.0
52.57296000,13.22132000,33.0
52.57295000,13.22217000,32.0
52.57299000,13.22260000,33.0
52.57314000,13.22287000,33.0
52.57357000,13.22288000,35.0
52.57363000,13.22283000,36.0
52.57487000,13.22000000,33.0
52.57630000,13.21877000,33.0
52.57686000,13.21764000,34.0
52.57715000,13.21741000,32.0
52.57732000,13.21720000,33.0
52.57792000,13.21718000,35.0
52.57816000,13.21681000,35.0
52.57842000,13.21642000,36.0
52.57896000,13.21649000,34.0
52.57898000,13.21646000,34.0
52.57902000,13.21634000,35.0
52.58004000,13.21650000,36.0
52.58063000,13.21618000,38.0
52.58081000,13.21577000,41.0
52.58092000,13.21440000,41.0
52.58093000,13.21345000,41.0
52.58102000,13.21321000,40.0
52.58237000,13.21316000,40.0
52.58284000,13.21279000,39.0
52.58338000,13.21276000,33.0
52.58350000,13.21269000,35.0
52.58370000,13.21225000,40.0
52.58409000,13.21103000,45.0
52.58451000,13.21083000,42.0
52.58511000,13.21090000,42.0
52.58533000,13.21040000,45.0
52.58541000,13.21012000,46.0
52.58548000,13.21012000,46.0
52.58554000,13.21022000,46.0
52.58563000,13.21072000,45.0
52.58549000,13.21146000,40.0
52.58549000,13.21166000,38.0
52.58575000,13.21234000,35.0
52.58600000,13.21263000,33.0
52.58732000,13.21301000,37.0
52.58737000,13.21316000,37.0
52.58745000,13.21341000,37.0
52.58754000,13.21343000,37.0
52.58809000,13.21318000,37.0
52.59248000,13.21306000,42.0
52.59467000,13.21070000,41.0
52.59582000,13.20854000,39.0
52.59638000,13.20699000,35.0
52.59676000,13.20637000,32.0
52.59768000,13.20385000,35.0
52.59804000,13.20349000,33.0
52.59844000,13.20329000,33.0
52.59851000,13.20317000,32.0
52.59908000,13.20197000,34.0
52.59915000,13.20192000,34.0
52.60039000,13.20154000,32.0
52.60048000,13.20143000,32.0
52.60075000,13.20086000,32.0
52.60090000,13.20075000,32.0
52.60325000,13.19955000,31.0
52.60341000,13.19933000,31.0
52.60353000,13.19928000,31.0
52.60369000,13.19928000,31.0
52.60750000,13.20036000,31.0
52.60994000,13.20395000,34.0
52.61027000,13.20406000,32.0
52.61098000,13.20402000,32.0
52.61137000,13.20416000,30.0
52.61151000,13.20438000,30.0
52.61159000,13.20460000,30.0
52.61168000,13.20508000,31.0
52.61351000,13.20484000,33.0
52.61357000,13.20479000,33.0
52.61362000,13.20471000,34.0
52.61517000,13.20499000,39.0
52.61719000,13.20465000,34.0
52.61720000,13.20487000,34.0
52.61648000,13.20510000,33.0
52.61648000,13.20525000,33.0
52.61740000,13.20800000,32.0
52.62191000,13.21341000,32.0
52.62825000,13.21632000,32.0
52.62905000,13.21632000,30.0
52.62911000,13.21622000,30.0
52.63002000,13.21388000,31.0
52.63011000,13.21385000,31.0
52.63091000,13.21382000,31.0
52.63098000,13.21388000,31.0
52.63104000,13.21435000,30.0
52.63098000,13.21443000,30.0
52.63077000,13.21452000,29.0
52.63040000,13.21505000,28.0
52.63038000,13.21518000,28.0
52.63038000,13.21532000,28.0
52.63043000,13.21601000,31.0
52.63054000,13.21625000,31.0
52.63062000,13.21627000,31.0
52.63069000,13.21626000,31.0
52.63290000,13.21569000,31.0
52.63308000,13.21578000,28.0
52.63330000,13.21577000,26.0
52.63347000,13.21515000,34.0
52.63358000,13.21455000,35.0
52.63371000,13.21455000,35.0
52.63376000,13.21446000,34.0
52.63408000,13.21233000,37.0
52.63416000,13.21224000,37.0
52.63425000,13.21220000,36.0
52.63458000,13.21217000,35.0
52.63462000,13.21226000,35.0
52.63485000,13.21318000,33.0
52.63513000,13.21358000,33.0
52.63531000,13.21368000,33.0
52.63700000,13.21399000,33.0
52.63699000,13.21412000,33.0
52.63619000,13.21879000,35.0
52.63629000,13.21883000,35.0
52.63638000,13.21887000,35.0
52.63639000,13.21905000,35.0
52.63643000,13.21939000,34.0
52.63638000,13.21953000,34.0
52.63631000,13.21952000,34.0
52.63656000,13.21982000,36.0
52.64169000,13.22407000,35.0
52.64359000,13.22677000,37.0
52.64376000,13.22630000,39.0
52.64377000,13.22614000,40.0
52.64389000,13.22578000,38.0
52.64552000,13.22622000,40.0
52.64643000,13.22683000,39.0
52.64675000,13.22733000,38.0
52.64681000,13.22737000,37.0
52.64827000,13.22746000,39.0
52.64860000,13.22734000,39.0
52.65456000,13.22143000,41.0
52.65676000,13.22149000,36.0
52.65680000,13.22159000,35.0
52.65680000,13.22259000,35.0
52.65679000,13.22356000,37.0
52.65682000,13.22375000,38.0
52.65737000,13.22407000,36.0
52.65758000,13.22447000,37.0
52.65763000,13.22495000,39.0
52.65808000,13.22520000,39.0
52.65825000,13.22515000,39.0
52.65855000,13.22468000,37.0
52.65970000,13.22476000,36.0
52.66010000,13.22457000,35.0
52.66029000,13.22454000,35.0
52.66070000,13.22475000,37.0
52.66094000,13.22525000,39.0
52.66097000,13.22535000,39.0
52.66158000,13.22738000,39.0
52.66630000,13.23397000,37.0
52.66714000,13.23604000,39.0
52.66833000,13.23803000,38.0
52.66838000,13.23804000,37.0
52.66854000,13.23801000,36.0
52.67141000,13.23507000,35.0
52.67167000,13.23452000,34.0
52.67186000,13.23393000,33.0
52.67193000,13.23383000,33.0
52.67206000,13.23376000,34.0
52.67214000,13.23378000,34.0
52.67249000,13.23401000,35.0
52.67257000,13.23400000,34.0
52.67260000,13.23429000,35.0
52.67279000,13.23473000,33.0
52.67278000,13.23532000,32.0
52.67274000,13.23540000,32.0
52.67266000,13.23544000,32.0
52.67211000,13.23548000,34.0
52.66891000,13.23849000,35.0
52.66886000,13.23874000,36.0
52.66886000,13.23887000,36.0
52.66887000,13.23906000,37.0
52.66934000,13.23978000,40.0
52.67019000,13.24030000,38.0
52.67168000,13.24081000,35.0
52.67369000,13.24170000,36.0
52.67378000,13.24167000,36.0
52.67391000,13.24118000,35.0
52.67401000,13.24117000,35.0
52.67803000,13.24254000,35.0
52.67893000,13.24203000,34.0
52.67901000,13.24184000,34.0
52.67909000,13.24183000,34.0
52.68036000,13.24197000,36.0
52.68175000,13.24346000,37.0
52.68177000,13.24357000,37.0
52.68177000,13.24369000,37.0
52.68176000,13.24458000,38.0
52.68302000,13.24620000,41.0
52.68419000,13.24983000,43.0
52.68474000,13.25895000,42.0
52.68495000,13.25975000,39.0
52.68637000,13.26188000,38.0
52.68645000,13.26192000,38.0
52.68718000,13.26206000,38.0
52.68725000,13.26213000,38.0
52.68611000,13.26671000,39.0
52.68778000,13.26777000,40.0
52.68764000,13.26842000,41.0
52.68614000,13.27239000,40.0
52.68616000,13.27251000,40.0
52.68635000,13.27348000,39.0
52.68754000,13.27491000,40.0
52.68831000,13.27549000,44.0
52.68849000,13.27621000,43.0
52.68883000,13.27644000,43.0
52.69011000,13.27704000,42.0
52.69032000,13.27747000,42.0
52.69040000,13.27749000,42.0
52.69046000,13.27804000,40.0
52.69035000,13.27831000,39.0
52.68895000,13.28183000,39.0
52.68885000,13.28289000,41.0
52.68875000,13.28295000,41.0
52.68872000,13.28306000,41.0
52.68796000,13.28724000,50.0
52.68776000,13.28829000,52.0
52.68783000,13.28832000,51.0
52.68825000,13.28832000,50.0
52.68832000,13.28824000,50.0
52.69274000,13.28669000,43.0
52.69284000,13.28572000,40.0
52.69422000,13.28603000,44.0
52.69553000,13.28586000,43.0
52.69592000,13.28640000,44.0
52.69635000,13.28942000,44.0
52.69640000,13.28950000,45.0
52.69744000,13.28986000,48.0
52.69945000,13.29230000,51.0
52.70046000,13.29511000,55.0
52.70201000,13.29681000,54.0
52.70287000,13.29837000,54.0
52.70399000,13.29921000,53.0
52.70411000,13.30014000,47.0
52.70449000,13.30004000,44.0
52.70514000,13.30013000,42.0
52.70663000,13.29980000,49.0
52.70685000,13.29995000,52.0
52.70816000,13.30006000,57.0
52.70851000,13.29944000,56.0
52.70873000,13.29882000,56.0
52.70877000,13.29877000,56.0
52.71105000,13.29266000,58.0
52.71177000,13.28929000,51.0
52.71179000,13.28724000,56.0
52.71398000,13.28149000,47.0
52.71424000,13.27886000,44.0
52.71427000,13.27862000,43.0
52.71501000,13.27134000,44.0
52.71503000,13.27123000,44.0
52.71571000,13.26391000,41.0
52.71577000,13.26392000,41.0
52.71773000,13.26730000,41.0
52.71888000,13.26765000,40.0
52.73495000,13.26440000,42.0
52.73849000,13.26271000,37.0
52.74125000,13.26273000,36.0
52.74145000,13.26250000,36.0
52.74196000,13.26086000,34.0
52.74211000,13.26094000,34.0
52.74354000,13.25692000,38.0
52.74377000,13.25642000,36.0
52.74462000,13.25561000,35.0
52.74818000,13.25668000,37.0
52.75077000,13.25586000,35.0
52.75091000,13.25687000,35.0
52.75141000,13.25821000,35.0
52.75180000,13.25840000,36.0
52.75372000,13.25836000,36.0
52.75374000,13.25856000,36.0
52.75380000,13.26046000,37.0
52.75394000,13.26094000,36.0
52.75431000,13.26130000,37.0
52.75631000,13.26472000,39.0
52.75663000,13.26511000,39.0
52.75666000,13.26527000,39.0
52.75679000,13.26641000,38.0
52.75688000,13.26663000,39.0
52.75696000,13.26775000,37.0
52.75688000,13.26881000,37.0
52.75691000,13.26899000,37.0
52.75699000,13.26908000,38.0
52.75884000,13.27073000,36.0
52.75895000,13.27073000,35.0
52.75905000,13.27071000,34.0
52.75932000,13.27070000,34.0
52.76202000,13.27270000,39.0
52.76397000,13.27612000,38.0
52.76398000,13.27630000,38.0
52.76393000,13.27749000,38.0
52.76477000,13.27849000,37.0
52.76538000,13.27867000,37.0
52.76600000,13.27864000,35.0
52.77005000,13.27917000,37.0
52.77008000,13.27930000,37.0
52.77015000,13.27932000,37.0
52.78014000,13.27985000,46.0
52.78022000,13.27991000,45.0
52.78346000,13.28007000,47.0
52.78589000,13.28048000,46.0
52.78747000,13.28141000,47.0
52.78969000,13.28338000,44.0
52.79204000,13.28679000,44.0
52.79234000,13.28648000,46.0
52.79239000,13.28650000,46.0
52.79261000,13.28693000,45.0
52.79237000,13.28754000,42.0
52.79057000,13.29081000,42.0
52.79009000,13.29107000,41.0
52.78937000,13.29119000,44.0
52.78826000,13.29262000,47.0
52.78824000,13.29280000,48.0
52.79037000,13.29648000,52.0
52.79045000,13.29652000,52.0
52.79053000,13.29652000,52.0
52.79078000,13.29718000,54.0
52.80384000,13.31770000,54.0
52.80502000,13.31952000,44.0
52.80586000,13.32251000,50.0
52.80615000,13.32368000,50.0
52.80796000,13.32887000,48.0
52.80818000,13.32922000,48.0
52.81277000,13.33417000,42.0
52.81365000,13.33531000,38.0
52.81688000,13.34241000,51.0
52.82437000,13.34957000,45.0
52.82470000,13.35032000,44.0
52.82538000,13.35161000,46.0
52.82592000,13.35302000,48.0
52.82706000,13.35591000,50.0
52.82834000,13.35944000,50.0
52.82848000,13.35986000,49.0
52.82854000,13.36010000,49.0
52.82856000,13.36046000,49.0
52.82860000,13.36288000,53.0
52.82867000,13.36320000,52.0
52.82984000,13.36669000,51.0
52.82985000,13.36680000,51.0
52.82976000,13.38287000,50.0
52.83032000,13.38429000,49.0
52.83358000,13.39066000,52.0
52.83436000,13.39252000,52.0
52.83675000,13.39639000,49.0
52.83701000,13.39712000,50.0
52.83721000,13.39742000,50.0
52.83824000,13.40017000,46.0
52.83864000,13.40180000,42.0
52.83888000,13.40298000,45.0
52.83953000,13.40537000,48.0
52.83969000,13.40666000,43.0
52.84202000,13.40585000,38.0
52.84417000,13.40483000,43.0
52.85112000,13.40348000,37.0
52.85316000,13.40374000,39.0
52.85783000,13.39898000,42.0
52.86475000,13.39676000,40.0
52.86510000,13.39684000,39.0
52.86559000,13.39678000,39.0
52.86582000,13.39648000,39.0
52.86641000,13.39528000,39.0
52.86662000,13.39496000,39.0
52.86930000,13.39365000,40.0
52.86993000,13.39377000,40.0
52.87069000,13.39428000,42.0
52.87144000,13.39439000,43.0
52.87145000,13.39426000,43.0
52.87122000,13.38928000,44.0
52.87165000,13.38908000,43.0
52.87308000,13.38885000,42.0
52.87369000,13.38826000,42.0
52.87394000,13.38713000,40.0
52.87395000,13.38695000,40.0
52.87378000,13.38543000,41.0
52.87398000,13.38246000,42.0
52.87404000,13.38230000,43.0
52.87420000,13.38210000,44.0
52.87431000,13.38208000,45.0
52.87476000,13.38228000,43.0
52.87488000,13.38224000,42.0
52.87518000,13.38201000,42.0
52.87536000,13.38154000,44.0
52.87545000,13.38125000,44.0
52.87555000,13.38111000,44.0
52.87567000,13.38106000,42.0
52.87647000,13.38105000,41.0
52.88329000,13.38217000,50.0
52.88613000,13.38191000,51.0
52.88618000,13.38190000,51.0
52.88706000,13.38187000,47.0
52.88722000,13.38181000,47.0
52.88948000,13.38150000,48.0
52.89033000,13.38102000,46.0
52.89041000,13.38100000,45.0
52.89221000,13.38182000,40.0
52.89227000,13.38175000,40.0
52.89242000,13.38077000,40.0
52.89243000,13.38057000,40.0
52.89246000,13.38041000,41.0
52.89253000,13.38040000,41.0
52.89393000,13.38068000,44.0
52.89838000,13.38032000,45.0
52.90748000,13.38280000,45.0
52.91440000,13.38000000,47.0
52.91787000,13.38059000,45.0
52.92150000,13.38212000,44.0
52.92457000,13.38188000,42.0
52.92736000,13.37997000,45.0
52.93045000,13.37688000,44.0
52.93188000,13.37650000,44.0
52.94060000,13.37837000,44.0
52.94574000,13.37734000,41.0
52.94591000,13.37706000,41.0
52.94611000,13.37691000,40.0
52.94620000,13.37688000,39.0
52.94641000,13.37694000,39.0
52.94663000,13.37706000,41.0
52.94680000,13.37707000,43.0
52.94950000,13.37538000,42.0
52.95199000,13.37224000,46.0
52.95411000,13.36919000,46.0
52.95919000,13.35810000,46.0
52.95949000,13.35746000,44.0
52.96178000,13.35413000,43.0
52.96213000,13.35403000,44.0
52.96492000,13.35180000,46.0
52.97518000,13.34573000,44.0
52.97588000,13.34496000,43.0
52.97609000,13.34438000,41.0
52.97519000,13.34180000,54.0
52.97685000,13.33948000,52.0
52.97717000,13.33731000,55.0
52.97725000,13.33732000,54.0
52.97821000,13.33768000,49.0
52.97824000,13.33782000,49.0
52.97825000,13.33809000,48.0
52.97828000,13.33825000,47.0
52.97861000,13.33916000,47.0
52.97901000,13.33891000,46.0
52.97953000,13.33840000,45.0
52.98125000,13.33480000,44.0
52.98126000,13.33464000,45.0
52.98124000,13.33440000,45.0
52.97954000,13.33241000,51.0
52.97890000,13.33200000,52.0
52.97859000,13.33177000,53.0
52.97847000,13.33171000,53.0
52.97670000,13.33020000,53.0
52.97687000,13.32945000,52.0
52.97829000,13.32630000,50.0
52.97984000,13.32254000,46.0
52.98132000,13.31821000,46.0
52.98164000,13.31821000,45.0
52.98358000,13.31889000,44.0
52.98686000,13.31944000,45.0
52.99301000,13.32068000,45.0
52.99319000,13.32038000,45.0
52.99856000,13.32176000,52.0
52.99897000,13.32159000,51.0
53.00309000,13.31519000,47.0
53.00330000,13.31468000,48.0
53.00337000,13.31469000,48.0
53.00747000,13.31639000,45.0
53.00826000,13.31618000,45.0
53.00972000,13.31694000,46.0
53.00983000,13.31706000,46.0
53.00986000,13.31708000,46.0
53.01046000,13.31668000,46.0
53.01158000,13.31466000,46.0
53.01188000,13.31453000,46.0
53.01352000,13.31453000,49.0
53.01360000,13.31447000,49.0
53.01533000,13.31193000,50.0
53.01666000,13.31063000,47.0
53.01899000,13.30707000,47.0
53.01906000,13.30707000,46.0
53.01913000,13.30713000,46.0
53.02066000,13.30972000,53.0
53.02175000,13.30969000,46.0
53.02184000,13.30977000,45.0
53.02200000,13.31023000,45.0
53.02205000,13.31030000,46.0
53.02543000,13.31109000,50.0
53.02891000,13.31148000,47.0
53.02997000,13.31188000,48.0
53.03004000,13.31231000,48.0
53.03011000,13.31261000,49.0
53.03040000,13.31262000,47.0
53.03043000,13.31251000,46.0
53.03051000,13.31058000,47.0
53.03060000,13.31057000,46.0
53.03087000,13.31054000,45.0
53.03087000,13.31020000,46.0
53.03081000,13.31017000,47.0
53.02908000,13.30994000,48.0
53.02903000,13.30981000,48.0
53.02976000,13.29561000,55.0
53.02982000,13.29560000,55.0
53.03502000,13.30073000,46.0
53.03548000,13.30175000,46.0
53.03616000,13.30890000,46.0
53.03622000,13.30897000,46.0
53.03653000,13.30901000,47.0
53.03731000,13.30887000,49.0
53.03736000,13.30877000,49.0
53.03862000,13.30641000,48.0
53.03903000,13.30592000,48.0
53.03966000,13.30411000,50.0
53.03980000,13.30398000,50.0
53.04022000,13.30387000,49.0
53.04029000,13.30388000,48.0
53.04057000,13.30408000,47.0
53.04245000,13.30400000,45.0
53.04283000,13.30385000,45.0
53.04348000,13.30296000,46.0
53.04357000,13.30261000,46.0
53.04357000,13.30194000,46.0
53.04345000,13.30078000,47.0
53.04346000,13.30066000,47.0
53.04349000,13.30058000,47.0
53.04500000,13.29970000,49.0
53.04512000,13.29947000,49.0
53.04545000,13.29833000,50.0
53.04661000,13.29818000,49.0
53.04675000,13.29798000,49.0
53.04683000,13.29769000,49.0
53.04685000,13.29747000,49.0
53.04687000,13.29681000,49.0
53.04690000,13.29674000,49.0
53.04702000,13.29675000,48.0
53.04869000,13.29741000,48.0
53.04877000,13.29741000,48.0
53.04897000,13.29729000,47.0
53.04908000,13.29708000,47.0
53.05012000,13.29372000,50.0
53.05056000,13.27881000,49.0
53.05051000,13.27868000,49.0
53.04729000,13.27809000,51.0
53.04708000,13.27779000,53.0
53.04599000,13.27363000,54.0
53.04595000,13.27353000,54.0
53.04540000,13.27067000,59.0
53.04540000,13.26978000,56.0
53.04607000,13.26682000,49.0
53.04733000,13.26312000,48.0
53.04803000,13.25965000,48.0
53.04819000,13.25911000,48.0
53.04834000,13.25650000,50.0
53.04831000,13.25623000,49.0
53.04750000,13.25420000,50.0
53.04749000,13.25403000,51.0
53.04775000,13.25335000,51.0
53.04773000,13.25324000,50.0
53.04748000,13.25287000,51.0
53.04682000,13.25221000,51.0
53.04671000,13.25169000,51.0
53.04671000,13.25152000,50.0
53.05068000,13.24063000,52.0
53.05450000,13.22711000,54.0
53.06043000,13.21263000,59.0
53.06198000,13.20943000,63.0
53.06199000,13.20927000,62.0
53.06261000,13.20793000,63.0
53.06651000,13.18974000,64.0
53.07142000,13.18188000,63.0
53.07163000,13.18179000,61.0
53.07171000,13.18161000,61.0
53.07178000,13.18102000,58.0
53.07189000,13.18103000,58.0
53.07201000,13.18118000,58.0
53.07699000,13.18188000,56.0
53.07954000,13.18501000,53.0
53.07953000,13.18608000,54.0
53.08072000,13.18895000,55.0
53.08080000,13.18896000,55.0
53.08296000,13.18873000,55.0
53.09822000,13.19335000,69.0
53.10201000,13.19462000,68.0
53.10511000,13.19647000,62.0
53.10521000,13.19645000,60.0
53.10530000,13.19636000,60.0
53.10538000,13.19616000,61.0
53.10618000,13.19407000,60.0
53.10626000,13.19408000,61.0
53.12168000,13.20981000,67.0
53.12221000,13.21055000,65.0
53.12348000,13.21260000,66.0
53.12427000,13.21503000,70.0
53.12447000,13.21545000,66.0
53.12449000,13.21557000,65.0
53.12565000,13.21727000,58.0
53.12572000,13.21760000,58.0
53.12575000,13.21825000,60.0
53.12575000,13.21846000,61.0
53.12779000,13.22621000,81.0
53.13156000,13.23348000,57.0
53.13492000,13.23750000,55.0
53.13554000,13.23774000,56.0
53.13564000,13.23786000,55.0
53.13570000,13.23806000,55.0
53.13601000,13.23993000,49.0
53.13603000,13.23983000,50.0
53.13603000,13.23996000,49.0
53.13628000,13.24090000,50.0
53.13788000,13.24273000,56.0
53.13797000,13.24277000,57.0
53.13803000,13.24273000,57.0
53.14087000,13.24052000,55.0
53.14252000,13.24020000,57.0
53.14258000,13.24028000,57.0
53.14265000,13.24027000,57.0
53.14795000,13.23901000,60.0
53.14808000,13.23891000,62.0
53.14918000,13.23879000,67.0
53.14966000,13.23890000,66.0
53.14992000,13.23893000,65.0
53.15016000,13.23889000,65.0
53.15192000,13.23860000,75.0
53.15332000,13.23813000,69.0
53.15348000,13.23813000,71.0
53.15366000,13.23790000,71.0
53.15389000,13.23785000,72.0
53.15432000,13.23782000,72.0
53.15620000,13.23718000,70.0
53.15688000,13.23717000,71.0
53.15782000,13.23676000,68.0
53.16017000,13.23721000,71.0
53.16230000,13.23685000,66.0
53.16364000,13.23715000,68.0
53.16399000,13.23707000,68.0
53.16804000,13.23809000,60.0
53.16972000,13.23966000,61.0
53.16990000,13.23969000,60.0
53.17017000,13.23968000,59.0
53.17037000,13.23953000,59.0
53.17126000,13.23775000,57.0
53.17159000,13.23653000,55.0
53.17164000,13.23645000,55.0
53.17170000,13.23640000,55.0
53.17211000,13.23631000,55.0
53.17568000,13.23260000,53.0
53.17618000,13.23261000,56.0
53.17624000,13.23257000,56.0
53.17633000,13.23238000,55.0
53.17676000,13.22961000,52.0
53.17705000,13.22922000,53.0
53.17708000,13.22910000,53.0
53.17839000,13.22730000,56.0
53.18096000,13.21552000,71.0
53.18437000,13.20843000,68.0
53.18452000,13.20793000,69.0
53.18860000,13.18469000,67.0
53.18904000,13.17913000,63.0
53.19201000,13.17266000,59.0
53.19262000,13.16967000,62.0
53.19261000,13.16389000,62.0
53.19389000,13.15694000,62.0
53.19390000,13.15666000,62.0
53.19487000,13.14855000,54.0
53.19473000,13.14669000,54.0
53.19457000,13.14632000,53.0
53.19252000,13.14432000,54.0
53.19231000,13.14428000,55.0
53.19214000,13.14350000,57.0
53.19212000,13.14337000,57.0
53.19148000,13.14191000,56.0
53.19139000,13.14184000,56.0
53.19071000,13.14173000,56.0
53.19064000,13.14174000,56.0
53.19020000,13.14207000,58.0
53.18945000,13.14205000,58.0
53.18627000,13.14005000,61.0
53.18483000,13.14270000,55.0
53.18480000,13.14281000,56.0
53.18475000,13.14276000,55.0
53.18454000,13.14269000,55.0
53.18446000,13.14276000,55.0
53.18393000,13.14473000,57.0
53.18377000,13.14483000,57.0
53.18376000,13.14535000,58.0
53.18235000,13.14473000,55.0
53.18126000,13.14423000,54.0
53.18123000,13.14368000,55.0
53.18120000,13.14377000,55.0
53.18115000,13.14386000,55.0
53.18104000,13.14383000,56.0
53.17979000,13.14263000,58.0
53.17972000,13.14241000,58.0
53.17983000,13.14200000,58.0
53.18072000,13.14076000,55.0
53.18075000,13.14056000,55.0
53.18123000,13.13792000,56.0
53.18205000,13.13454000,62.0
53.18206000,13.12851000,67.0
53.18064000,13.11744000,81.0
53.18065000,13.11606000,78.0
53.17978000,13.10932000,63.0
53.18068000,13.10256000,77.0
53.18098000,13.10154000,78.0
53.18107000,13.10153000,79.0
53.18112000,13.10148000,79.0
53.18521000,13.09421000,81.0
53.18533000,13.09395000,80.0
53.18612000,13.09237000,74.0
53.18611000,13.09224000,73.0
53.18577000,13.09173000,70.0
53.18601000,13.09115000,68.0
53.18719000,13.08830000,65.0
53.18785000,13.08278000,64.0
53.18803000,13.07708000,71.0
53.18918000,13.07431000,75.0
53.18922000,13.07419000,76.0
53.19230000,13.06537000,85.0
53.19385000,13.05378000,80.0
53.19448000,13.05122000,76.0
53.19448000,13.04685000,81.0
53.19443000,13.04534000,73.0
53.19451000,13.04423000,64.0
53.19460000,13.04382000,62.0
53.19460000,13.04364000,61.0
53.19292000,13.03968000,60.0
53.19247000,13.03712000,69.0
53.19248000,13.03696000,69.0
53.19241000,13.03647000,70.0
53.19123000,13.03359000,65.0
53.19114000,13.03194000,58.0
53.19126000,13.03113000,59.0
53.19151000,13.03057000,69.0
53.19274000,13.02911000,69.0
53.19335000,13.02895000,64.0
53.19403000,13.02822000,68.0
53.19968000,13.01755000,70.0
53.19973000,13.01743000,71.0
53.19997000,13.01677000,72.0
53.20191000,13.01193000,79.0
53.20357000,13.00498000,71.0
53.20516000,13.00124000,65.0
53.20517000,13.00102000,65.0
53.20494000,12.99659000,64.0
53.20480000,12.99592000,64.0
53.20479000,12.99515000,62.0
53.20493000,12.99463000,62.0
53.20545000,12.99398000,57.0
53.20577000,12.99388000,56.0
53.20867000,12.99389000,60.0
53.21171000,12.99267000,69.0
53.21611000,12.98808000,68.0
53.21744000,12.98780000,66.0
53.21761000,12.98762000,65.0
53.21775000,12.98733000,64.0
53.21778000,12.98718000,64.0
53.21780000,12.98703000,63.0
53.21766000,12.98620000,61.0
53.21764000,12.98414000,68.0
53.21789000,12.98255000,73.0
53.21848000,12.98100000,73.0
53.21855000,12.98100000,72.0
53.21863000,12.98097000,72.0
53.21941000,12.97859000,75.0
53.21983000,12.97515000,64.0
53.21977000,12.97514000,64.0
53.21963000,12.97510000,64.0
53.21896000,12.97514000,63.0
53.21856000,12.97507000,67.0
53.21760000,12.97353000,72.0
53.21724000,12.97340000,71.0
53.21689000,12.97346000,70.0
53.21688000,12.97332000,70.0
53.21677000,12.97250000,68.0
53.21521000,12.97077000,74.0
53.21490000,12.97076000,79.0
53.21462000,12.97078000,84.0
53.21453000,12.97077000,86.0
53.21426000,12.97077000,88.0
53.21416000,12.97077000,88.0
53.21411000,12.97037000,90.0
53.21417000,12.96938000,91.0
53.21418000,12.96811000,82.0
53.21391000,12.96744000,76.0
53.21307000,12.96683000,69.0
53.21257000,12.96444000,65.0
53.21257000,12.96427000,64.0
53.21315000,12.96277000,62.0
53.21323000,12.95887000,61.0
53.21350000,12.95759000,64.0
53.21351000,12.95655000,66.0
53.21346000,12.95624000,65.0
53.21283000,12.95622000,65.0
53.21211000,12.95622000,66.0
53.21209000,12.95614000,67.0
53.21301000,12.95098000,67.0
53.21344000,12.95098000,66.0
53.21375000,12.95068000,70.0
53.21385000,12.95017000,71.0
53.21366000,12.94841000,69.0
53.21362000,12.94838000,69.0
53.21365000,12.94808000,68.0
53.21366000,12.94792000,68.0
53.21367000,12.94735000,68.0
53.21371000,12.94681000,67.0
53.21367000,12.94551000,65.0
53.21371000,12.94504000,69.0
53.21317000,12.94263000,72.0
53.21221000,12.94098000,73.0
53.21216000,12.94075000,75.0
53.21209000,12.94035000,79.0
53.21209000,12.93944000,81.0
53.21171000,12.93842000,77.0
53.21216000,12.93713000,81.0
53.21349000,12.93608000,84.0
53.21527000,12.93572000,88.0
53.21603000,12.93597000,88.0
53.21700000,12.93904000,84.0
53.21703000,12.93937000,85.0
53.21715000,12.93943000,83.0
53.21740000,12.93944000,82.0
53.21779000,12.93992000,82.0
53.21816000,12.94162000,84.0
53.21889000,12.94280000,83.0
53.22371000,12.94428000,74.0
53.22640000,12.94664000,71.0
53.22654000,12.94664000,68.0
53.22698000,12.94631000,61.0
53.22719000,12.94595000,63.0
53.22768000,12.94343000,66.0
53.22764000,12.94057000,64.0
53.22723000,12.93599000,63.0
53.22737000,12.93451000,64.0
53.22742000,12.93441000,63.0
53.22835000,12.93379000,67.0
53.22871000,12.93392000,67.0
53.22988000,12.93533000,79.0
53.23007000,12.93566000,80.0
53.23057000,12.93597000,83.0
53.23064000,12.93597000,83.0
53.23271000,12.93737000,81.0
53.23301000,12.93762000,82.0
53.23387000,12.93847000,83.0
53.23540000,12.93926000,81.0
53.23789000,12.94298000,74.0
53.24080000,12.94342000,74.0
53.24242000,12.94261000,65.0
53.24366000,12.94306000,65.0
53.24377000,12.94337000,64.0
53.24376000,12.94359000,64.0
53.24378000,12.94589000,62.0
53.24410000,12.94629000,64.0
53.24803000,12.94946000,71.0
53.24830000,12.94951000,72.0
53.25010000,12.94944000,77.0
53.25143000,12.94995000,75.0
53.25316000,12.95161000,67.0
53.25424000,12.95176000,67.0
53.25454000,12.95141000,69.0
53.25486000,12.95108000,70.0
53.25478000,12.95086000,67.0
53.25487000,12.95109000,70.0
53.25496000,12.95108000,71.0
53.25561000,12.95016000,73.0
53.25562000,12.94991000,71.0
53.25633000,12.94908000,75.0
53.25702000,12.94881000,76.0
53.25980000,12.95124000,81.0
53.26302000,12.95601000,75.0
53.26555000,12.95886000,73.0
53.26618000,12.95986000,77.0
53.26774000,12.96145000,81.0
53.26833000,12.96220000,76.0
53.26909000,12.96260000,67.0
53.26939000,12.96257000,66.0
53.27011000,12.96188000,61.0
53.27064000,12.96183000,60.0
53.27155000,12.96222000,63.0
53.27173000,12.96241000,63.0
53.27187000,12.96245000,63.0
53.27247000,12.96303000,61.0
53.27274000,12.96316000,60.0
53.27286000,12.96329000,60.0
53.27294000,12.96323000,60.0
53.27383000,12.96231000,60.0
53.27428000,12.96214000,59.0
53.27456000,12.96232000,58.0
53.27544000,12.96242000,60.0
53.27559000,12.96286000,61.0
53.27647000,12.96339000,62.0
53.27657000,12.96333000,62.0
53.27667000,12.96334000,62.0
53.27675000,12.96339000,62.0
53.27682000,12.96356000,62.0
53.27742000,12.96336000,62.0
53.27880000,12.96306000,61.0
53.28070000,12.96310000,63.0
53.28071000,12.96325000,62.0
53.28073000,12.96335000,62.0
53.28084000,12.96335000,61.0
53.28090000,12.96325000,62.0
53.28096000,12.96317000,62.0
53.28156000,12.96313000,61.0
53.28353000,12.96712000,61.0
53.28358000,12.96718000,61.0
53.28472000,12.96567000,61.0
53.28587000,12.96594000,61.0
53.28667000,12.96621000,60.0
53.28896000,12.96619000,61.0
53.28973000,12.96609000,60.0
53.29010000,12.96625000,60.0
53.29144000,12.96828000,65.0
53.29259000,12.97169000,62.0
53.29331000,12.97428000,60.0
53.29352000,12.97469000,61.0
53.29530000,12.97966000,63.0
53.29531000,12.98004000,61.0
53.29530000,12.98015000,60.0
53.29501000,12.98125000,58.0
53.29499000,12.98292000,56.0
53.29505000,12.98295000,57.0
53.29511000,12.98292000,57.0
53.29518000,12.98279000,58.0
53.29549000,12.98156000,59.0
53.29560000,12.98135000,61.0
53.29572000,12.98130000,61.0
53.29591000,12.98129000,61.0
53.29599000,12.98130000,61.0
53.29605000,12.98137000,61.0
53.29628000,12.98229000,58.0
53.29800000,12.98573000,61.0
53.29814000,12.98774000,59.0
53.30179000,12.99960000,63.0
53.30177000,13.00087000,60.0
53.30179000,13.00102000,60.0
53.30218000,13.00169000,58.0
53.30225000,13.00163000,58.0
53.30371000,12.99724000,76.0
53.30365000,12.99512000,76.0
53.30371000,12.99466000,78.0
53.30370000,12.99386000,81.0
53.30218000,12.98821000,74.0
53.30218000,12.98746000,68.0
53.30222000,12.98734000,67.0
53.30249000,12.98724000,67.0
53.30295000,12.98734000,67.0
53.30375000,12.98803000,70.0
53.30380000,12.98802000,69.0
53.30378000,12.98794000,68.0
53.30386000,12.98792000,66.0
53.30392000,12.98802000,67.0
53.30458000,12.98868000,69.0
53.30734000,12.99270000,60.0
53.30743000,12.99272000,60.0
53.30756000,12.99272000,59.0
53.30843000,12.99384000,60.0
53.30860000,12.99436000,60.0
53.30885000,12.99467000,60.0
53.30899000,12.99469000,60.0
53.30903000,12.99477000,61.0
53.30931000,12.99629000,66.0
53.31011000,12.99974000,72.0
53.31134000,13.00326000,67.0
53.31189000,13.00406000,60.0
53.31278000,13.00463000,58.0
53.31531000,13.00466000,60.0
53.31534000,13.00458000,60.0
53.31532000,13.00446000,60.0
53.31504000,13.00350000,60.0
53.31616000,12.99770000,59.0
53.31615000,12.99748000,60.0
53.31427000,12.99080000,60.0
53.31410000,12.98583000,65.0
53.31410000,12.98573000,65.0
53.31410000,12.98583000,65.0
53.31405000,12.98625000,65.0
53.31405000,12.98615000,65.0
53.31417000,12.98509000,66.0
53.31456000,12.98142000,64.0
53.31653000,12.97675000,59.0
53.32108000,12.97164000,63.0
53.32226000,12.96952000,64.0
53.32182000,12.96764000,64.0
53.32183000,12.96628000,63.0
53.32173000,12.96587000,61.0
53.32142000,12.96541000,60.0
53.32034000,12.96489000,65.0
53.32019000,12.96457000,64.0
53.31998000,12.96298000,61.0
53.31997000,12.96167000,60.0
53.32118000,12.95831000,74.0
53.32110000,12.95333000,78.0
53.32117000,12.95018000,67.0
53.32318000,12.93868000,79.0
53.32380000,12.93336000,78.0
53.32430000,12.92928000,76.0
53.32453000,12.92898000,78.0
53.32622000,12.92500000,84.0
53.32823000,12.92289000,78.0
53.32889000,12.92192000,71.0
53.32907000,12.92174000,70.0
53.32920000,12.92139000,69.0
53.32926000,12.92136000,69.0
53.33133000,12.92137000,75.0
53.33191000,12.92182000,78.0
53.33536000,12.92688000,76.0
53.33877000,12.92780000,75.0
53.34175000,12.92685000,67.0
53.34410000,12.92518000,72.0
53.34900000,12.92644000,64.0
53.35042000,12.92508000,63.0
53.35201000,12.92226000,63.0
53.35543000,12.92205000,64.0
53.35574000,12.92175000,63.0
53.35689000,12.91008000,66.0
53.35703000,12.90979000,66.0
53.35983000,12.90649000,70.0
53.36006000,12.90545000,68.0
53.36066000,12.89879000,59.0
53.35910000,12.89327000,62.0
53.35913000,12.89024000,68.0
53.35917000,12.89016000,68.0
53.35959000,12.88973000,68.0
53.36064000,12.88866000,69.0
53.36072000,12.88865000,69.0
53.36097000,12.88838000,69.0
53.36135000,12.88801000,68.0
53.36252000,12.88686000,63.0
53.36414000,12.88684000,61.0
53.36521000,12.88728000,60.0
53.36780000,12.88993000,60.0
53.37087000,12.89043000,72.0
53.37502000,12.89371000,65.0
53.37946000,12.89535000,65.0
53.39331000,12.89355000,58.0
53.39348000,12.89365000,59.0
53.39861000,12.89904000,63.0
53.39871000,12.89918000,63.0
53.40598000,12.90733000,72.0
53.40621000,12.90737000,69.0
53.40657000,12.90800000,67.0
53.40772000,12.90853000,69.0
53.40779000,12.90851000,69.0
53.40834000,12.90892000,73.0
53.40894000,12.91017000,73.0
53.40987000,12.91364000,65.0
53.40992000,12.91374000,65.0
53.41322000,12.91691000,65.0
53.41339000,12.91701000,66.0
53.41910000,12.92281000,69.0
53.42064000,12.92982000,69.0
53.42118000,12.93035000,69.0
53.42231000,12.93082000,67.0
53.42475000,12.93017000,70.0
53.42672000,12.93150000,65.0
53.42691000,12.93175000,65.0
53.42894000,12.93723000,65.0
53.42897000,12.93752000,65.0
53.42885000,12.93841000,65.0
53.42858000,12.93957000,67.0
53.42858000,12.93987000,67.0
53.42909000,12.94196000,66.0
53.42925000,12.94398000,69.0
53.42933000,12.94398000,69.0
53.42973000,12.94445000,69.0
53.43236000,12.94970000,72.0
53.43244000,12.94984000,74.0
53.43599000,12.95031000,72.0
53.43642000,12.95018000,73.0
53.44080000,12.95111000,91.0
53.44121000,12.95147000,93.0
53.44349000,12.95454000,95.0
53.44544000,12.95470000,85.0
53.44585000,12.95471000,81.0
53.44754000,12.95489000,74.0
53.44898000,12.95463000,75.0
53.44950000,12.95475000,77.0
53.44995000,12.95594000,82.0
53.45032000,12.95658000,78.0
53.45068000,12.95720000,73.0
53.45077000,12.95728000,72.0
53.45358000,12.95754000,71.0
53.45613000,12.95438000,76.0
53.45990000,12.95135000,73.0
53.46064000,12.95097000,75.0
53.46200000,12.95114000,79.0
53.46244000,12.95097000,74.0
53.46258000,12.95083000,73.0
53.46371000,12.94906000,74.0
53.46454000,12.94854000,76.0
53.46460000,12.94853000,76.0
53.46532000,12.94796000,77.0
53.46534000,12.94785000,77.0
53.46542000,12.94784000,76.0
53.46611000,12.94754000,75.0
53.46812000,12.94562000,70.0
53.46825000,12.94508000,70.0
53.46841000,12.94485000,68.0
53.46850000,12.94491000,68.0
53.46860000,12.94510000,68.0
53.46924000,12.94781000,60.0
53.46973000,12.94889000,60.0
53.47045000,12.95307000,59.0
53.47060000,12.95336000,60.0
53.47565000,12.95852000,59.0
53.47590000,12.95901000,57.0
53.47620000,12.96085000,59.0
53.47703000,12.96191000,59.0
53.47782000,12.96580000,60.0
53.47794000,12.96605000,59.0
53.47853000,12.96677000,60.0
53.48040000,12.96724000,61.0
53.48080000,12.96705000,62.0
53.48099000,12.96401000,65.0
53.48173000,12.96243000,67.0
53.48351000,12.95962000,71.0
53.48411000,12.95804000,79.0
53.48412000,12.95790000,79.0
53.48429000,12.95771000,79.0
53.48429000,12.95748000,78.0
53.48451000,12.95747000,78.0
53.48463000,12.95692000,77.0
53.48482000,12.95634000,78.0
53.48577000,12.95555000,81.0
53.48639000,12.95425000,80.0
53.48704000,12.94836000,80.0
53.48711000,12.94819000,80.0
53.49257000,12.94271000,80.0
53.49540000,12.93785000,83.0
53.49827000,12.93691000,81.0
53.50267000,12.92994000,85.0
53.50267000,12.92741000,86.0
53.49519000,12.91310000,80.0
53.49377000,12.91186000,80.0
53.49299000,12.91169000,81.0
53.49241000,12.91066000,83.0
53.49203000,12.90986000,84.0
53.49147000,12.90781000,88.0
53.49020000,12.90441000,86.0
53.49021000,12.90418000,86.0
53.49033000,12.90364000,88.0
53.49657000,12.88853000,104.0
53.49795000,12.88742000,114.0
53.50133000,12.88773000,105.0
53.50411000,12.88261000,104.0
53.50746000,12.86462000,94.0
53.50793000,12.85803000,94.0
53.51001000,12.84836000,81.0
53.51081000,12.84721000,79.0
53.51247000,12.84067000,73.0
53.51248000,12.84052000,73.0
53.51228000,12.83898000,75.0
53.51255000,12.83791000,71.0
53.51263000,12.83722000,71.0
53.51293000,12.83635000,71.0
53.51373000,12.83552000,69.0
53.51381000,12.83549000,69.0
53.51394000,12.83551000,70.0
53.51404000,12.83547000,70.0
53.51413000,12.83528000,69.0
53.51466000,12.83358000,65.0
53.51466000,12.83329000,65.0
53.51466000,12.82968000,60.0
53.51522000,12.82711000,63.0
53.51865000,12.82164000,64.0
53.51887000,12.82042000,63.0
53.51982000,12.81896000,64.0
53.52091000,12.81752000,64.0
53.52030000,12.81614000,63.0
53.52022000,12.81607000,64.0
53.51968000,12.81596000,63.0
53.51965000,12.81587000,63.0
53.51920000,12.81302000,66.0
53.51916000,12.81294000,66.0
53.51812000,12.81210000,62.0
53.51808000,12.81052000,65.0
53.51803000,12.81036000,65.0
53.51644000,12.80886000,66.0
53.51007000,12.78698000,78.0
53.50575000,12.78248000,68.0
53.50328000,12.78146000,68.0
53.50295000,12.78032000,68.0
53.50170000,12.77712000,67.0
53.49938000,12.77388000,68.0
53.49721000,12.77368000,70.0
53.49657000,12.77310000,69.0
53.49653000,12.77296000,68.0
53.49651000,12.77254000,66.0
53.49634000,12.76860000,64.0
53.49630000,12.76826000,64.0
53.49622000,12.76807000,64.0
53.49612000,12.76797000,64.0
53.49406000,12.76695000,66.0
53.49294000,12.76543000,69.0
53.48868000,12.76193000,64.0
53.48638000,12.75982000,67.0
53.48596000,12.75982000,67.0
53.48479000,12.75999000,70.0
53.48471000,12.75995000,71.0
53.48466000,12.75999000,71.0
53.48358000,12.76103000,71.0
53.48142000,12.76163000,66.0
53.48054000,12.76154000,65.0
53.48016000,12.76154000,66.0
53.47970000,12.76137000,69.0
53.47351000,12.74321000,89.0
53.47350000,12.74303000,88.0
53.47351000,12.74291000,88.0
53.47916000,12.72288000,89.0
53.48056000,12.71427000,85.0
53.48058000,12.71225000,89.0
53.49456000,12.69315000,71.0
53.49770000,12.68869000,73.0
53.49790000,12.68866000,73.0
53.50018000,12.68860000,70.0
53.50032000,12.68864000,69.0
53.50214000,12.68866000,67.0
53.50474000,12.69045000,67.0
53.50481000,12.69054000,67.0
53.50512000,12.69067000,66.0
53.50517000,12.69073000,66.0
53.51066000,12.69165000,65.0
53.51112000,12.69145000,65.0
53.51117000,12.69111000,64.0
53.51136000,12.69093000,64.0
53.51145000,12.69091000,64.0
53.51181000,12.69073000,65.0
53.51228000,12.69038000,63.0
53.51245000,12.69001000,63.0
53.51209000,12.68807000,67.0
53.51219000,12.68772000,67.0
53.51239000,12.68578000,68.0
53.51279000,12.68469000,63.0
53.51318000,12.68425000,65.0
53.51328000,12.68421000,65.0
53.51437000,12.68278000,66.0
53.51438000,12.68265000,66.0
53.51424000,12.67878000,66.0
53.51429000,12.67829000,66.0
53.51838000,12.66777000,65.0
53.51839000,12.66681000,65.0
53.51887000,12.66268000,65.0
53.51884000,12.66254000,64.0
53.51831000,12.66230000,64.0
53.51829000,12.66218000,64.0
53.51826000,12.66148000,64.0
53.51777000,12.66025000,63.0
53.51698000,12.65980000,62.0
53.51681000,12.65978000,63.0
53.51619000,12.65986000,65.0
53.51533000,12.65970000,68.0
53.51476000,12.65791000,66.0
53.51455000,12.65774000,67.0
53.51321000,12.65399000,65.0
53.51267000,12.65302000,64.0
53.51175000,12.65236000,66.0
53.51173000,12.65200000,66.0
53.51348000,12.64740000,72.0
53.51409000,12.64405000,70.0
53.51408000,12.64390000,69.0
53.51333000,12.64310000,65.0
53.51429000,12.63992000,65.0
53.51431000,12.62922000,84.0
53.51668000,12.62245000,87.0
53.51669000,12.62215000,87.0
53.51646000,12.61999000,85.0
53.51650000,12.61977000,85.0
53.51807000,12.61587000,82.0
53.51808000,12.61575000,82.0
53.51798000,12.61080000,85.0
53.52533000,12.59442000,77.0
53.52627000,12.58898000,74.0
53.52669000,12.58817000,70.0
53.52685000,12.58739000,70.0
53.52710000,12.58697000,68.0
53.52767000,12.58639000,72.0
53.52780000,12.58606000,73.0
53.52809000,12.58384000,71.0
53.52813000,12.58196000,71.0
53.52808000,12.58130000,70.0
53.52809000,12.58113000,68.0
53.52813000,12.58088000,67.0
53.52927000,12.57696000,74.0
53.53108000,12.57010000,72.0
53.53230000,12.55996000,68.0
53.53262000,12.55801000,67.0
53.53262000,12.55757000,65.0
53.53266000,12.55753000,65.0
53.53275000,12.55759000,65.0
53.53292000,12.55772000,65.0
53.53826000,12.55939000,63.0
53.54148000,12.55812000,65.0
53.54214000,12.55735000,66.0
53.54270000,12.55563000,66.0
53.54280000,12.55505000,66.0
53.54343000,12.55287000,65.0
53.54482000,12.55129000,64.0
53.54483000,12.55104000,65.0
53.54481000,12.55087000,65.0
53.54442000,12.54994000,67.0
53.54399000,12.54918000,68.0
53.54394000,12.54907000,68.0
53.54391000,12.54896000,68.0
53.53806000,12.54429000,69.0
53.53779000,12.54432000,69.0
53.53766000,12.54431000,69.0
53.53683000,12.54380000,69.0
53.53543000,12.54173000,73.0
53.53412000,12.53534000,71.0
53.53269000,12.53187000,66.0
53.53230000,12.52988000,69.0
53.53204000,12.52947000,67.0
53.53201000,12.52757000,71.0
53.53231000,12.52568000,76.0
53.53676000,12.52408000,84.0
53.54935000,12.51477000,69.0
53.55003000,12.51446000,69.0
53.55009000,12.51447000,69.0
53.55019000,12.51455000,69.0
53.55129000,12.51641000,68.0
53.55198000,12.51673000,70.0
53.55249000,12.51252000,68.0
53.55326000,12.50379000,79.0
53.55241000,12.49510000,82.0
53.55262000,12.47001000,85.0
53.54848000,12.45737000,88.0
53.54946000,12.45267000,83.0
53.55046000,12.44780000,85.0
53.55046000,12.44765000,84.0
53.55181000,12.44095000,84.0
53.55747000,12.41184000,86.0
53.56226000,12.38636000,84.0
53.55953000,12.37834000,90.0
53.55804000,12.37403000,88.0
53.55804000,12.37383000,88.0
53.55805000,12.37369000,88.0
53.55810000,12.37352000,88.0
53.56618000,12.36564000,73.0
53.56657000,12.36564000,71.0
53.58218000,12.37399000,89.0
53.59451000,12.37906000,88.0
53.59479000,12.37928000,85.0
53.59501000,12.37978000,82.0
53.59759000,12.38652000,62.0
53.59763000,12.38685000,62.0
53.59770000,12.38689000,62.0
53.59770000,12.38677000,62.0
53.59771000,12.38638000,63.0
53.59800000,12.38571000,67.0
53.59981000,12.38401000,67.0
53.60044000,12.38405000,65.0
53.60080000,12.38411000,64.0
53.60566000,12.38533000,64.0
53.60602000,12.38536000,63.0
53.60649000,12.38505000,60.0
53.60675000,12.38454000,60.0
53.60685000,12.38452000,60.0
53.60699000,12.38453000,59.0
53.60847000,12.38547000,61.0
53.60879000,12.38540000,61.0
53.61178000,12.37783000,62.0
53.61185000,12.37780000,62.0
53.61266000,12.37603000,62.0
53.61273000,12.37607000,61.0
53.61281000,12.37616000,61.0
53.61635000,12.37825000,65.0
53.61649000,12.37804000,65.0
53.61688000,12.37147000,64.0
53.61703000,12.37038000,64.0
53.61704000,12.37020000,64.0
53.61714000,12.37020000,64.0
53.61722000,12.37019000,64.0
53.61739000,12.36959000,64.0
53.61861000,12.35634000,76.0
53.61853000,12.35348000,69.0
53.61939000,12.34459000,64.0
53.62197000,12.33513000,59.0
53.62186000,12.33203000,59.0
53.62190000,12.33191000,59.0
53.62199000,12.33191000,59.0
53.62345000,12.33230000,61.0
53.62352000,12.33231000,61.0
53.62804000,12.32904000,60.0
53.62949000,12.32759000,64.0
53.62981000,12.32733000,65.0
53.63038000,12.32682000,63.0
53.63171000,12.32563000,61.0
53.63232000,12.32602000,61.0
53.63480000,12.32609000,59.0
53.63489000,12.32601000,58.0
53.63848000,12.32059000,58.0
53.63926000,12.31853000,57.0
53.63938000,12.31854000,57.0
53.64266000,12.32069000,58.0
53.64284000,12.32113000,58.0
53.64282000,12.32121000,59.0
53.64256000,12.32655000,61.0
53.64227000,12.32754000,58.0
53.64228000,12.32778000,57.0
53.64246000,12.32921000,59.0
53.64238000,12.33578000,63.0
53.64244000,12.33588000,63.0
53.64920000,12.33457000,64.0
53.65120000,12.33703000,58.0
53.65266000,12.34117000,61.0
53.65658000,12.34782000,51.0
53.65786000,12.34886000,53.0
53.65956000,12.34993000,51.0
53.66029000,12.34977000,52.0
53.66200000,12.34928000,52.0
53.66522000,12.34889000,52.0
53.66564000,12.34863000,52.0
53.66702000,12.34547000,52.0
53.66839000,12.34456000,56.0
53.66849000,12.34432000,55.0
53.66971000,12.34027000,53.0
53.66886000,12.32469000,53.0
53.66754000,12.31474000,64.0
53.66890000,12.30902000,54.0
53.66933000,12.30449000,56.0
53.66891000,12.29764000,61.0
53.66994000,12.29082000,58.0
53.67102000,12.28841000,56.0
53.67105000,12.28796000,55.0
53.67104000,12.28651000,52.0
53.67050000,12.27327000,55.0
53.67050000,12.27314000,55.0
53.67052000,12.27301000,55.0
53.67051000,12.27286000,55.0
53.66798000,12.26828000,54.0
53.66741000,12.26827000,54.0
53.66448000,12.26836000,57.0
53.65936000,12.26783000,53.0
53.65931000,12.26786000,53.0
53.65930000,12.26804000,52.0
53.65909000,12.27071000,50.0
53.65849000,12.27230000,53.0
53.65813000,12.27256000,52.0
53.65797000,12.27259000,52.0
53.65792000,12.27247000,51.0
53.65774000,12.27187000,50.0
53.65732000,12.27169000,51.0
53.65706000,12.27169000,50.0
53.65657000,12.27155000,49.0
53.65634000,12.27129000,49.0
53.65610000,12.27067000,49.0
53.65591000,12.27052000,49.0
53.65555000,12.27048000,49.0
53.65524000,12.27051000,48.0
53.65490000,12.27047000,48.0
53.65400000,12.27047000,50.0
53.65313000,12.27120000,52.0
53.65286000,12.27044000,54.0
53.65268000,12.26955000,55.0
53.65188000,12.26973000,52.0
53.65206000,12.26975000,53.0
53.65183000,12.26978000,52.0
53.65144000,12.26992000,50.0
53.65092000,12.27005000,50.0
53.65063000,12.27006000,51.0
53.65055000,12.27007000,52.0
53.65048000,12.27018000,52.0
53.65041000,12.27023000,52.0
53.65020000,12.27025000,53.0
53.65024000,12.26967000,51.0
53.65091000,12.26676000,51.0
53.65141000,12.26528000,52.0
53.65139000,12.26517000,52.0
53.65101000,12.26478000,51.0
53.65117000,12.26429000,52.0
53.65230000,12.26472000,51.0
53.65237000,12.26468000,51.0
53.65258000,12.26434000,52.0
53.65266000,12.26378000,53.0
53.65171000,12.26265000,57.0
53.65026000,12.25678000,54.0
53.65023000,12.25489000,56.0
53.65045000,12.25119000,67.0
53.65036000,12.25035000,69.0
53.64853000,12.24629000,91.0
53.64836000,12.24442000,86.0
53.64823000,12.23936000,72.0
53.64789000,12.23744000,66.0
53.64763000,12.23218000,58.0
53.64754000,12.23184000,57.0
53.64743000,12.23161000,56.0
53.64706000,12.23109000,57.0
53.64709000,12.23102000,57.0
53.65640000,12.21796000,56.0
53.66219000,12.21159000,65.0
53.66227000,12.21154000,65.0
53.66432000,12.20798000,78.0
53.66433000,12.20760000,79.0
53.66442000,12.20676000,81.0
53.66469000,12.20612000,79.0
53.66519000,12.20574000,79.0
53.66584000,12.20429000,81.0
53.66643000,12.20216000,80.0
53.67327000,12.19000000,70.0
53.67589000,12.18311000,64.0
53.67608000,12.18266000,64.0
53.67771000,12.17985000,64.0
53.67776000,12.17964000,64.0
53.67777000,12.17952000,64.0
53.67818000,12.17842000,60.0
53.68908000,12.16517000,46.0
53.68911000,12.16506000,46.0
53.68925000,12.16397000,50.0
53.69043000,12.16356000,53.0
53.69087000,12.16191000,56.0
53.69089000,12.16135000,55.0
53.69044000,12.15921000,52.0
53.69044000,12.15903000,52.0
53.69047000,12.15883000,52.0
53.69163000,12.15599000,59.0
53.69175000,12.15583000,60.0
53.69200000,12.15643000,60.0
53.69469000,12.16136000,48.0
53.69908000,12.16801000,54.0
53.69910000,12.16813000,54.0
53.69910000,12.16829000,53.0
53.69955000,12.16975000,51.0
53.69964000,12.17812000,47.0
53.70509000,12.19311000,57.0
53.70535000,12.19344000,58.0
53.70783000,12.19465000,51.0
53.70815000,12.19423000,45.0
53.70832000,12.19460000,43.0
53.70931000,12.19727000,38.0
53.71106000,12.20028000,43.0
53.71183000,12.20079000,38.0
53.71192000,12.20074000,37.0
53.71268000,12.19899000,30.0
53.71291000,12.19885000,31.0
53.71526000,12.19814000,34.0
53.71539000,12.19820000,34.0
53.71593000,12.19875000,34.0
53.71631000,12.19881000,35.0
53.71783000,12.19859000,35.0
53.71877000,12.19917000,34.0
53.71884000,12.19933000,33.0
53.71969000,12.20194000,41.0
53.71975000,12.20265000,42.0
53.71985000,12.20292000,41.0
53.72009000,12.20301000,42.0
53.72167000,12.20352000,50.0
53.72329000,12.20576000,37.0
53.72893000,12.20736000,38.0
53.73247000,12.21337000,27.0
53.73345000,12.21621000,34.0
53.73501000,12.21787000,34.0
53.73874000,12.22012000,45.0
53.74044000,12.22022000,52.0
53.74296000,12.22201000,49.0
53.74495000,12.22497000,43.0
53.74548000,12.22521000,43.0
53.74652000,12.22505000,41.0
53.74858000,12.22390000,33.0
53.74867000,12.22390000,34.0
53.74888000,12.22413000,37.0
53.74969000,12.22721000,31.0
53.74962000,12.22710000,34.0
53.74973000,12.22723000,30.0
53.74995000,12.22818000,28.0
53.75002000,12.22827000,29.0
53.75087000,12.22831000,30.0
53.75238000,12.22921000,26.0
53.75312000,12.22916000,24.0
53.75452000,12.22813000,23.0
53.75870000,12.22232000,46.0
53.75919000,12.22048000,49.0
53.76143000,12.21709000,22.0
53.76319000,12.21645000,24.0
53.76318000,12.21625000,23.0
53.76254000,12.21364000,19.0
53.76260000,12.21354000,19.0
53.76313000,12.21330000,19.0
53.76355000,12.21339000,19.0
53.76363000,12.21353000,19.0
53.76373000,12.21360000,19.0
53.76381000,12.21361000,18.0
53.76615000,12.21295000,15.0
53.76712000,12.21237000,19.0
53.76869000,12.21207000,17.0
53.76877000,12.21211000,17.0
53.76881000,12.21223000,16.0
53.76888000,12.21315000,17.0
53.76895000,12.21322000,17.0
53.76906000,12.21320000,17.0
53.76956000,12.21278000,13.0
53.77021000,12.21261000,17.0
53.77042000,12.21218000,18.0
53.77060000,12.21148000,19.0
53.77215000,12.21052000,30.0
53.77216000,12.21097000,32.0
53.77221000,12.21145000,34.0
53.77739000,12.21268000,29.0
53.78099000,12.21383000,32.0
53.78435000,12.21381000,24.0
53.78445000,12.21316000,16.0
53.78451000,12.21287000,15.0
53.78461000,12.21284000,15.0
53.78481000,12.21294000,16.0
53.78518000,12.21297000,17.0
53.78542000,12.21285000,18.0
53.78440000,12.18820000,16.0
53.78438000,12.18806000,16.0
53.78438000,12.18794000,16.0
53.78453000,12.18718000,15.0
53.78532000,12.18596000,16.0
53.78540000,12.18564000,17.0
53.78780000,12.18234000,16.0
53.78820000,12.18178000,14.0
53.78974000,12.18010000,13.0
53.78965000,12.17979000,11.0
53.78968000,12.17997000,12.0
53.78974000,12.18008000,13.0
53.78958000,12.17966000,11.0
53.78851000,12.17682000,9.0
53.78832000,12.17498000,6.0
53.78846000,12.17334000,8.0
53.78851000,12.17314000,7.0
53.79017000,12.17146000,11.0
53.79056000,12.17077000,9.0
53.79066000,12.17072000,9.0
53.79071000,12.17078000,10.0
53.79133000,12.17161000,13.0
53.79134000,12.17174000,13.0
53.79173000,12.17177000,12.0
53.79340000,12.17131000,12.0
53.79348000,12.17123000,12.0
53.79352000,12.17078000,10.0
53.79359000,12.17078000,10.0
53.79357000,12.17105000,11.0
53.79356000,12.17118000,12.0
53.79363000,12.17085000,11.0
53.79375000,12.17082000,12.0
53.79429000,12.17084000,14.0
53.79483000,12.17098000,12.0
53.79500000,12.17085000,12.0
53.79542000,12.17132000,12.0
53.79635000,12.17204000,13.0
53.79641000,12.17204000,13.0
53.79642000,12.17166000,15.0
53.79641000,12.17158000,15.0
53.79663000,12.16607000,10.0
53.79667000,12.16582000,10.0
53.79668000,12.16382000,10.0
53.79733000,12.16218000,11.0
53.79740000,12.16216000,11.0
53.79741000,12.16202000,11.0
53.79757000,12.16140000,10.0
53.80111000,12.15245000,10.0
53.80145000,12.15197000,9.0
53.80321000,12.15168000,9.0
53.80551000,12.14875000,7.0
53.80605000,12.14800000,7.0
53.80645000,12.14767000,7.0
53.80664000,12.14782000,6.0
53.80788000,12.15022000,6.0
53.80793000,12.15012000,6.0
53.80970000,12.14643000,6.0
53.80974000,12.14633000,5.0
53.81170000,12.14327000,4.0
53.81232000,12.14162000,3.0
53.81253000,12.14094000,2.0
53.81565000,12.13257000,3.0
53.81575000,12.13143000,4.0
53.81596000,12.13074000,5.0
53.81600000,12.13034000,6.0
53.81606000,12.13026000,7.0
53.81668000,12.13041000,8.0
53.81730000,12.12985000,5.0
53.81734000,12.12974000,4.0
53.81812000,12.12861000,6.0
53.82482000,12.11546000,7.0
53.82737000,12.10814000,8.0
53.83018000,12.09076000,5.0
53.83018000,12.08768000,8.0
53.83030000,12.08215000,4.0
53.82962000,12.07077000,9.0
53.82954000,12.07051000,10.0
53.82921000,12.06978000,9.0
53.82939000,12.06933000,6.0
53.82938000,12.06828000,5.0
53.82717000,12.04725000,5.0
53.82709000,12.04706000,5.0
53.82435000,12.02750000,5.0
53.82404000,12.02449000,9.0
53.82456000,12.01662000,12.0
53.82586000,12.01175000,15.0
53.82708000,12.01247000,6.0
53.82722000,12.01276000,7.0
53.82765000,12.01381000,12.0
53.82775000,12.01382000,12.0
53.82895000,12.01379000,12.0
53.82915000,12.01391000,13.0
53.82970000,12.01377000,10.0
53.83026000,12.01341000,11.0
53.83186000,12.01342000,2.0
53.83236000,12.01390000,6.0
53.83250000,12.01417000,8.0
53.83280000,12.01420000,10.0
53.83490000,12.01118000,1.0
53.83813000,12.00896000,2.0
53.83827000,12.00896000,2.0
53.83971000,12.00930000,7.0
53.83974000,12.00916000,7.0
53.83982000,12.00618000,5.0
53.83978000,12.00610000,5.0
53.83977000,12.00594000,5.0
53.83942000,12.00565000,3.0
53.83906000,12.00479000,2.0
53.83892000,12.00344000,2.0
53.83937000,12.00162000,2.0
53.83940000,12.00152000,3.0
53.83955000,12.00103000,4.0
53.83959000,12.00075000,4.0
53.84021000,11.99943000,5.0
53.84148000,11.99781000,3.0
53.84156000,11.99777000,3.0
53.84159000,11.99766000,3.0
53.84402000,11.99437000,3.0
53.84429000,11.99385000,4.0
53.84733000,11.98697000,2.0
53.84915000,11.98804000,3.0
53.84921000,11.98805000,3.0
53.84954000,11.98805000,3.0
53.85024000,11.98738000,4.0
53.85031000,11.98741000,3.0
53.85875000,11.99644000,3.0
53.85888000,11.99646000,3.0
53.85901000,11.99646000,3.0
53.86331000,12.00110000,4.0
53.86881000,12.00612000,4.0
53.87428000,12.00965000,3.0
53.87444000,12.00961000,3.0
53.87470000,12.00940000,3.0
53.87737000,12.00402000,4.0
53.88059000,12.00227000,8.0
53.88131000,12.00218000,9.0
53.88139000,12.00218000,9.0
53.88626000,12.00081000,12.0
53.88632000,12.00076000,12.0
53.88931000,12.00018000,15.0
53.89492000,12.00168000,19.0
53.89732000,12.00168000,20.0
53.90028000,12.00032000,24.0
53.90129000,11.99885000,24.0
53.90393000,12.00237000,25.0
53.90400000,12.00237000,25.0
53.90411000,12.00232000,25.0
53.90501000,12.00129000,24.0
53.90978000,11.99890000,29.0
53.91038000,11.99935000,33.0
53.91499000,12.00266000,40.0
53.92114000,12.00538000,40.0
53.92241000,12.00524000,34.0
53.92249000,12.00530000,33.0
53.92254000,12.00542000,33.0
53.92257000,12.00560000,33.0
53.92281000,12.00753000,30.0
53.92295000,12.00827000,29.0
53.92367000,12.00936000,30.0
53.93160000,12.01671000,30.0
53.93161000,12.01687000,30.0
53.93159000,12.01701000,30.0
53.93029000,12.01952000,31.0
53.93019000,12.02055000,34.0
53.93104000,12.02176000,36.0
53.93170000,12.02896000,38.0
53.93226000,12.03096000,49.0
53.93384000,12.03658000,45.0
53.93432000,12.03921000,45.0
53.93558000,12.04384000,34.0
53.93818000,12.06134000,45.0
53.93842000,12.07721000,15.0
53.93943000,12.08048000,11.0
53.93942000,12.08107000,11.0
53.93528000,12.09512000,4.0
53.93533000,12.09712000,4.0
53.93652000,12.10086000,4.0
53.93660000,12.10086000,4.0
53.93829000,12.10177000,4.0
53.93926000,12.09777000,2.0
53.93925000,12.09746000,3.0
53.93910000,12.09595000,8.0
53.93913000,12.09574000,9.0
53.93919000,12.09562000,10.0
53.93952000,12.09546000,9.0
53.93991000,12.09547000,9.0
53.94145000,12.09743000,7.0
53.94249000,12.10007000,5.0
53.94286000,12.10050000,5.0
53.94292000,12.10070000,5.0
53.94306000,12.10159000,4.0
53.94338000,12.10172000,4.0
53.94857000,12.10264000,5.0
53.95080000,12.10359000,5.0
53.95169000,12.10328000,2.0
53.95263000,12.10365000,3.0
53.95360000,12.10495000,6.0
53.95371000,12.10498000,6.0
53.95676000,12.10441000,5.0
53.95770000,12.10390000,6.0
53.95830000,12.10306000,10.0
53.95868000,12.10290000,13.0
53.96063000,12.10374000,21.0
53.96477000,12.10132000,17.0
53.96521000,12.10083000,19.0
53.96558000,12.10080000,22.0
53.96684000,12.10151000,22.0
53.96695000,12.10157000,21.0
53.96845000,12.10229000,19.0
53.97489000,12.10122000,27.0
53.97495000,12.10115000,27.0
53.97580000,12.10105000,27.0
53.97614000,12.10096000,26.0
53.97713000,12.10109000,25.0
53.98380000,12.10571000,13.0
53.98382000,12.10588000,13.0
53.98382000,12.10606000,13.0
53.98389000,12.10619000,12.0
53.98419000,12.10632000,11.0
53.98431000,12.10631000,10.0
53.98443000,12.10628000,10.0
53.98455000,12.10627000,9.0
53.98484000,12.10602000,9.0
53.98528000,12.10512000,12.0
53.98668000,12.10442000,15.0
53.98678000,12.10442000,15.0
53.98696000,12.10447000,15.0
53.98784000,12.10440000,18.0
53.99948000,12.09521000,34.0
53.99992000,12.09518000,35.0
54.00001000,12.09519000,36.0
54.00050000,12.09512000,36.0
54.00136000,12.09494000,37.0
54.00369000,12.09479000,38.0
54.00382000,12.09470000,37.0
54.00667000,12.09505000,40.0
54.00810000,12.09631000,40.0
54.00814000,12.09656000,40.0
54.00818000,12.09669000,40.0
54.00909000,12.09781000,36.0
54.01022000,12.09827000,37.0
54.01027000,12.09838000,37.0
54.01072000,12.09852000,37.0
54.01652000,12.09842000,34.0
54.01737000,12.09790000,33.0
54.01757000,12.09762000,34.0
54.01805000,12.09737000,33.0
54.01816000,12.09736000,32.0
54.01850000,12.09716000,31.0
54.01852000,12.09702000,31.0
54.01852000,12.09687000,31.0
54.01976000,12.09601000,33.0
54.02714000,12.09824000,33.0
54.02930000,12.10012000,38.0
54.02939000,12.10012000,38.0
54.02955000,12.10005000,39.0
54.03142000,12.09860000,40.0
54.03182000,12.09883000,40.0
54.03191000,12.09901000,40.0
54.03195000,12.09918000,41.0
54.03197000,12.09981000,41.0
54.03428000,12.09957000,41.0
54.03583000,12.10048000,37.0
54.03716000,12.10250000,37.0
54.03723000,12.10250000,36.0
54.03729000,12.10241000,36.0
54.04263000,12.09211000,40.0
54.04272000,12.09207000,40.0
54.04281000,12.09207000,41.0
54.04357000,12.09236000,43.0
54.04728000,12.09635000,39.0
54.05540000,12.09906000,38.0
54.05936000,12.10207000,37.0
54.06143000,12.10358000,42.0
54.06263000,12.10378000,39.0
54.06827000,12.11024000,28.0
54.07189000,12.11185000,31.0
54.07179000,12.11572000,26.0
54.07175000,12.11627000,27.0
54.07173000,12.11639000,27.0
54.07314000,12.12024000,27.0
54.07519000,12.12247000,20.0
