Latitude,Longitude,Elevation
40.07521000,116.5359600,30.0
40.07519000,116.5359200,31.0
40.07515000,116.5359000,31.0
40.07512000,116.5359200,31.0
40.07509000,116.5359300,30.0
40.07506000,116.5359400,30.0
40.07503000,116.5359600,30.0
40.07500000,116.5359700,30.0
40.07496000,116.5359900,31.0
40.07492000,116.5360000,31.0
40.07489000,116.5360200,31.0
40.07486000,116.5360400,31.0
40.07482000,116.5360600,31.0
40.07478000,116.5360800,31.0
40.07475000,116.5361000,31.0
40.07471000,116.5361100,31.0
40.07468000,116.5361300,31.0
40.07464000,116.5361500,31.0
40.07460000,116.5361700,31.0
40.07457000,116.5361800,31.0
40.07453000,116.5362000,31.0
40.07449000,116.5362100,31.0
40.07445000,116.5362300,31.0
40.07441000,116.5362400,31.0
40.07437000,116.5362600,31.0
40.07433000,116.5362700,31.0
40.07429000,116.5362900,32.0
40.07425000,116.5363000,32.0
40.07421000,116.5363200,32.0
40.07416000,116.5363400,32.0
40.07412000,116.5363500,33.0
40.07408000,116.5363700,33.0
40.07404000,116.5363900,33.0
40.07401000,116.5364100,34.0
40.07398000,116.5364300,34.0
40.07395000,116.5364400,34.0
40.07390000,116.5364600,35.0
40.07386000,116.5364800,35.0
40.07382000,116.5364900,34.0
40.07378000,116.5365100,34.0
40.07373000,116.5365300,34.0
40.07370000,116.5365500,34.0
40.07367000,116.5365700,34.0
40.07364000,116.5365900,34.0
40.07360000,116.5366100,34.0
40.07357000,116.5366200,34.0
40.07353000,116.5366400,34.0
40.07350000,116.5366500,34.0
40.07346000,116.5366700,33.0
40.07342000,116.5366800,33.0
40.07338000,116.5366800,33.0
40.07333000,116.5366900,33.0
40.07329000,116.5366900,32.0
40.07324000,116.5367000,31.0
40.07320000,116.5367100,31.0
40.07315000,116.5367200,30.0
40.07310000,116.5367300,30.0
40.07305000,116.5367400,29.0
40.07300000,116.5367400,29.0
40.07295000,116.5367500,29.0
40.07290000,116.5367500,29.0
40.07284000,116.5367500,28.0
40.07279000,116.5367500,28.0
40.07273000,116.5367600,28.0
40.07268000,116.5367800,28.0
40.07263000,116.5368000,28.0
40.07258000,116.5368200,29.0
40.07253000,116.5368500,29.0
40.07248000,116.5368700,28.0
40.07243000,116.5368800,28.0
40.07238000,116.5369000,28.0
40.07232000,116.5369100,27.0
40.07227000,116.5369300,27.0
40.07222000,116.5369400,27.0
40.07217000,116.5369500,27.0
40.07212000,116.5369500,27.0
40.07206000,116.5369500,27.0
40.07201000,116.5369600,27.0
40.07196000,116.5369500,27.0
40.07191000,116.5369500,27.0
40.07186000,116.5369400,27.0
40.07181000,116.5369400,27.0
40.07176000,116.5369200,27.0
40.07171000,116.5369100,27.0
40.07166000,116.5368900,28.0
40.07161000,116.5368700,28.0
40.07156000,116.5368500,28.0
40.07151000,116.5368300,29.0
40.07146000,116.5368000,29.0
40.07141000,116.5367700,30.0
40.07136000,116.5367400,30.0
40.07132000,116.5367100,30.0
40.07127000,116.5366700,30.0
40.07123000,116.5366400,30.0
40.07119000,116.5366100,30.0
40.07114000,116.5365800,30.0
40.07110000,116.5365400,30.0
40.07106000,116.5365100,31.0
40.07102000,116.5364800,31.0
40.07097000,116.5364500,31.0
40.07093000,116.5364200,31.0
40.07089000,116.5363900,31.0
40.07085000,116.5363700,30.0
40.07082000,116.5363400,30.0
40.07079000,116.5363100,30.0
40.07076000,116.5362800,30.0
40.07073000,116.5362600,29.0
40.07070000,116.5362300,29.0
40.07068000,116.5362100,29.0
40.07066000,116.5361900,29.0
40.07062000,116.5361400,29.0
40.07062000,116.5360900,29.0
40.07062000,116.5360600,29.0
40.07065000,116.5360500,29.0
40.07063000,116.5360700,29.0
40.07059000,116.5360500,29.0
40.07054000,116.5360200,29.0
40.07051000,116.5360000,29.0
40.07048000,116.5359800,29.0
40.07045000,116.5359600,29.0
40.07041000,116.5359400,29.0
40.07038000,116.5359200,29.0
40.07034000,116.5359000,29.0
40.07031000,116.5358900,29.0
40.07027000,116.5358700,29.0
40.07023000,116.5358400,29.0
40.07019000,116.5358200,29.0
40.07015000,116.5357800,29.0
40.07011000,116.5357500,29.0
40.07007000,116.5357200,30.0
40.07003000,116.5356900,30.0
40.06998000,116.5356700,30.0
40.06994000,116.5356400,30.0
40.06990000,116.5356200,30.0
40.06985000,116.5355900,30.0
40.06981000,116.5355700,30.0
40.06977000,116.5355500,31.0
40.06972000,116.5355200,31.0
40.06968000,116.5355000,31.0
40.06963000,116.5354700,31.0
40.06958000,116.5354500,31.0
40.06954000,116.5354200,31.0
40.06949000,116.5353900,31.0
40.06945000,116.5353700,31.0
40.06940000,116.5353400,32.0
40.06936000,116.5353000,32.0
40.06931000,116.5352700,31.0
40.06926000,116.5352400,31.0
40.06922000,116.5352200,31.0
40.06917000,116.5351900,31.0
40.06912000,116.5351700,31.0
40.06908000,116.5351400,31.0
40.06903000,116.5351100,31.0
40.06899000,116.5350800,31.0
40.06895000,116.5350300,31.0
40.06891000,116.5349900,31.0
40.06887000,116.5349500,30.0
40.06882000,116.5349100,30.0
40.06878000,116.5348700,30.0
40.06874000,116.5348400,30.0
40.06869000,116.5348000,30.0
40.06865000,116.5347700,30.0
40.06860000,116.5347400,30.0
40.06856000,116.5347100,30.0
40.06852000,116.5346900,30.0
40.06847000,116.5346600,30.0
40.06843000,116.5346300,30.0
40.06838000,116.5346000,30.0
40.06834000,116.5345600,30.0
40.06830000,116.5345300,30.0
40.06825000,116.5345000,30.0
40.06821000,116.5344600,30.0
40.06817000,116.5344200,30.0
40.06813000,116.5343800,30.0
40.06809000,116.5343400,30.0
40.06805000,116.5343100,30.0
40.06801000,116.5342800,30.0
40.06796000,116.5342500,30.0
40.06792000,116.5342100,30.0
40.06787000,116.5341800,29.0
40.06783000,116.5341500,29.0
40.06778000,116.5341100,29.0
40.06774000,116.5340800,29.0
40.06770000,116.5340500,29.0
40.06765000,116.5340200,29.0
40.06761000,116.5339900,29.0
40.06757000,116.5339600,29.0
40.06752000,116.5339300,29.0
40.06748000,116.5338900,29.0
40.06744000,116.5338600,28.0
40.06740000,116.5338200,28.0
40.06736000,116.5337900,28.0
40.06732000,116.5337600,28.0
40.06729000,116.5337300,28.0
40.06725000,116.5337100,28.0
40.06721000,116.5336800,28.0
40.06717000,116.5336600,28.0
40.06713000,116.5336400,28.0
40.06709000,116.5336100,28.0
40.06706000,116.5335700,28.0
40.06702000,116.5335400,28.0
40.06699000,116.5335100,28.0
40.06695000,116.5334800,28.0
40.06691000,116.5334500,28.0
40.06687000,116.5334300,28.0
40.06683000,116.5334000,28.0
40.06679000,116.5333700,28.0
40.06676000,116.5333400,28.0
40.06672000,116.5333100,28.0
40.06668000,116.5332900,28.0
40.06664000,116.5332600,28.0
40.06660000,116.5332300,29.0
40.06656000,116.5332000,29.0
40.06652000,116.5331700,29.0
40.06648000,116.5331500,30.0
40.06644000,116.5331200,30.0
40.06640000,116.5330900,30.0
40.06637000,116.5330600,30.0
40.06633000,116.5330300,30.0
40.06629000,116.5330000,30.0
40.06625000,116.5329700,29.0
40.06621000,116.5329400,29.0
40.06618000,116.5329100,29.0
40.06614000,116.5328900,29.0
40.06610000,116.5328600,28.0
40.06607000,116.5328400,28.0
40.06603000,116.5328100,28.0
40.06599000,116.5327800,28.0
40.06596000,116.5327600,29.0
40.06592000,116.5327300,29.0
40.06588000,116.5327100,29.0
40.06585000,116.5326800,28.0
40.06581000,116.5326600,28.0
40.06577000,116.5326300,28.0
40.06574000,116.5326100,28.0
40.06570000,116.5325900,28.0
40.06566000,116.5325700,28.0
40.06562000,116.5325400,27.0
40.06559000,116.5325200,27.0
40.06555000,116.5324800,27.0
40.06552000,116.5324500,27.0
40.06548000,116.5324100,28.0
40.06545000,116.5323800,28.0
40.06542000,116.5323400,28.0
40.06538000,116.5323100,28.0
40.06536000,116.5322700,28.0
40.06534000,116.5322300,28.0
40.06533000,116.5321800,28.0
40.06533000,116.5321200,28.0
40.06533000,116.5320700,28.0
40.06535000,116.5320300,28.0
40.06537000,116.5319900,28.0
40.06539000,116.5319600,28.0
40.06541000,116.5319300,28.0
40.06543000,116.5319000,28.0
40.06546000,116.5318700,29.0
40.06548000,116.5318500,29.0
40.06550000,116.5318200,29.0
40.06553000,116.5317800,30.0
40.06555000,116.5317400,30.0
40.06558000,116.5317100,30.0
40.06561000,116.5316700,31.0
40.06564000,116.5316400,31.0
40.06567000,116.5316000,31.0
40.06570000,116.5315600,32.0
40.06573000,116.5315200,32.0
40.06577000,116.5314700,32.0
40.06580000,116.5314300,32.0
40.06583000,116.5313900,32.0
40.06587000,116.5313500,33.0
40.06590000,116.5313000,33.0
40.06593000,116.5312600,33.0
40.06597000,116.5312300,33.0
40.06600000,116.5311900,33.0
40.06603000,116.5311500,33.0
40.06607000,116.5311100,33.0
40.06610000,116.5310700,33.0
40.06614000,116.5310300,33.0
40.06617000,116.5309900,33.0
40.06621000,116.5309500,33.0
40.06624000,116.5309100,33.0
40.06628000,116.5308700,33.0
40.06631000,116.5308200,33.0
40.06635000,116.5307800,33.0
40.06639000,116.5307300,33.0
40.06642000,116.5306900,32.0
40.06646000,116.5306400,32.0
40.06649000,116.5305900,31.0
40.06653000,116.5305500,31.0
40.06656000,116.5305000,31.0
40.06660000,116.5304600,31.0
40.06663000,116.5304200,31.0
40.06666000,116.5303800,31.0
40.06669000,116.5303400,30.0
40.06672000,116.5302900,30.0
40.06675000,116.5302500,30.0
40.06678000,116.5302200,30.0
40.06682000,116.5301800,30.0
40.06685000,116.5301400,30.0
40.06688000,116.5301000,29.0
40.06690000,116.5300700,29.0
40.06693000,116.5300300,29.0
40.06696000,116.5299900,30.0
40.06698000,116.5299600,30.0
40.06701000,116.5299200,30.0
40.06704000,116.5298800,30.0
40.06707000,116.5298400,30.0
40.06709000,116.5298100,30.0
40.06712000,116.5297700,30.0
40.06715000,116.5297300,30.0
40.06718000,116.5296900,30.0
40.06721000,116.5296600,30.0
40.06725000,116.5296200,30.0
40.06728000,116.5295800,30.0
40.06731000,116.5295400,30.0
40.06734000,116.5295000,30.0
40.06737000,116.5294700,30.0
40.06740000,116.5294300,30.0
40.06743000,116.5294000,30.0
40.06746000,116.5293700,30.0
40.06749000,116.5293300,30.0
40.06751000,116.5292900,30.0
40.06754000,116.5292500,30.0
40.06757000,116.5292100,30.0
40.06759000,116.5291800,30.0
40.06762000,116.5291400,30.0
40.06764000,116.5291000,30.0
40.06765000,116.5290700,30.0
40.06767000,116.5290300,30.0
40.06769000,116.5289900,30.0
40.06772000,116.5289600,30.0
40.06774000,116.5289300,30.0
40.06777000,116.5289000,30.0
40.06779000,116.5288600,30.0
40.06782000,116.5288200,30.0
40.06784000,116.5287800,30.0
40.06787000,116.5287400,30.0
40.06789000,116.5287100,30.0
40.06792000,116.5286700,30.0
40.06794000,116.5286400,31.0
40.06797000,116.5286000,31.0
40.06800000,116.5285600,31.0
40.06802000,116.5285300,31.0
40.06805000,116.5284900,31.0
40.06807000,116.5284500,32.0
40.06810000,116.5284000,32.0
40.06814000,116.5283700,32.0
40.06818000,116.5283300,32.0
40.06822000,116.5282800,33.0
40.06826000,116.5282400,33.0
40.06830000,116.5282000,33.0
40.06834000,116.5281500,34.0
40.06838000,116.5281100,34.0
40.06841000,116.5280600,34.0
40.06844000,116.5280200,34.0
40.06848000,116.5279700,34.0
40.06851000,116.5279300,34.0
40.06855000,116.5278800,33.0
40.06858000,116.5278300,33.0
40.06860000,116.5277800,33.0
40.06863000,116.5277400,33.0
40.06866000,116.5276900,33.0
40.06868000,116.5276500,32.0
40.06871000,116.5276100,32.0
40.06874000,116.5275700,32.0
40.06877000,116.5275300,31.0
40.06879000,116.5274900,31.0
40.06882000,116.5274500,31.0
40.06885000,116.5274200,30.0
40.06886000,116.5273900,30.0
40.06890000,116.5273400,30.0
40.06892000,116.5273100,30.0
40.06893000,116.5272600,30.0
40.06893000,116.5272200,30.0
40.06892000,116.5271700,30.0
40.06890000,116.5271100,30.0
40.06887000,116.5270700,30.0
40.06884000,116.5270400,30.0
40.06879000,116.5270300,31.0
40.06875000,116.5270200,31.0
40.06873000,116.5270000,31.0
40.06870000,116.5269800,31.0
40.06867000,116.5269500,31.0
40.06864000,116.5269200,32.0
40.06859000,116.5269000,32.0
40.06853000,116.5269000,32.0
40.06848000,116.5269200,32.0
40.06846000,116.5269400,32.0
40.06842000,116.5269800,32.0
40.06839000,116.5270000,32.0
40.06836000,116.5270300,32.0
40.06832000,116.5270500,32.0
40.06827000,116.5270600,32.0
40.06824000,116.5270600,33.0
40.06819000,116.5270400,33.0
40.06817000,116.5269900,34.0
40.06815000,116.5269600,34.0
40.06813000,116.5269200,34.0
40.06811000,116.5269000,34.0
40.06808000,116.5269000,34.0
40.06807000,116.5268600,34.0
40.06804000,116.5268400,34.0
40.06801000,116.5268200,34.0
40.06799000,116.5267900,34.0
40.06797000,116.5267900,34.0
40.06794000,116.5268100,33.0
40.06791000,116.5268700,34.0
40.06789000,116.5269000,34.0
40.06787000,116.5269300,34.0
40.06785000,116.5269600,35.0
40.06783000,116.5269800,35.0
40.06780000,116.5270300,36.0
40.06777000,116.5270800,36.0
40.06774000,116.5271300,37.0
40.06772000,116.5271600,37.0
40.06770000,116.5271900,37.0
40.06768000,116.5272200,37.0
40.06766000,116.5272600,37.0
40.06764000,116.5272800,37.0
40.06762000,116.5273100,37.0
40.06761000,116.5273400,37.0
40.06759000,116.5273700,37.0
40.06757000,116.5274000,37.0
40.06755000,116.5274400,37.0
40.06753000,116.5274700,37.0
40.06750000,116.5275100,38.0
40.06748000,116.5275400,37.0
40.06745000,116.5275700,37.0
40.06742000,116.5276100,36.0
40.06740000,116.5276500,36.0
40.06738000,116.5276900,35.0
40.06735000,116.5277300,35.0
40.06732000,116.5277700,35.0
40.06730000,116.5278100,35.0
40.06727000,116.5278400,34.0
40.06724000,116.5278800,34.0
40.06722000,116.5279200,34.0
40.06719000,116.5279600,34.0
40.06717000,116.5280000,34.0
40.06714000,116.5280300,34.0
40.06711000,116.5280700,34.0
40.06709000,116.5281000,34.0
40.06706000,116.5281300,34.0
40.06703000,116.5281700,35.0
40.06700000,116.5282100,35.0
40.06697000,116.5282400,35.0
40.06694000,116.5282800,36.0
40.06692000,116.5283100,36.0
40.06689000,116.5283500,36.0
40.06686000,116.5283800,36.0
40.06683000,116.5284100,35.0
40.06680000,116.5284500,35.0
40.06676000,116.5284900,35.0
40.06673000,116.5285400,35.0
40.06669000,116.5285900,35.0
40.06665000,116.5286400,35.0
40.06661000,116.5286800,35.0
40.06657000,116.5287400,35.0
40.06653000,116.5288000,35.0
40.06649000,116.5288500,35.0
40.06645000,116.5289000,36.0
40.06642000,116.5289500,36.0
40.06638000,116.5289900,35.0
40.06634000,116.5290400,35.0
40.06629000,116.5290900,35.0
40.06625000,116.5291400,34.0
40.06621000,116.5291900,34.0
40.06617000,116.5292400,33.0
40.06613000,116.5292800,33.0
40.06610000,116.5293300,32.0
40.06606000,116.5293800,32.0
40.06603000,116.5294200,32.0
40.06600000,116.5294700,32.0
40.06597000,116.5295100,32.0
40.06595000,116.5295500,32.0
40.06592000,116.5295900,32.0
40.06589000,116.5296300,32.0
40.06586000,116.5296700,32.0
40.06583000,116.5297100,32.0
40.06580000,116.5297500,33.0
40.06578000,116.5297900,33.0
40.06575000,116.5298300,33.0
40.06571000,116.5298800,34.0
40.06568000,116.5299200,34.0
40.06566000,116.5299700,35.0
40.06562000,116.5300100,35.0
40.06558000,116.5300500,35.0
40.06555000,116.5300900,35.0
40.06550000,116.5301300,35.0
40.06545000,116.5301800,35.0
40.06540000,116.5302100,35.0
40.06535000,116.5302400,35.0
40.06531000,116.5302600,34.0
40.06527000,116.5302700,34.0
40.06522000,116.5302900,34.0
40.06517000,116.5303000,33.0
40.06512000,116.5303300,33.0
40.06508000,116.5303600,33.0
40.06504000,116.5303900,33.0
40.06501000,116.5304200,33.0
40.06498000,116.5304500,33.0
40.06495000,116.5304900,33.0
40.06492000,116.5305200,33.0
40.06489000,116.5305700,33.0
40.06486000,116.5306100,33.0
40.06482000,116.5306600,33.0
40.06479000,116.5307000,34.0
40.06476000,116.5307500,34.0
40.06473000,116.5307800,34.0
40.06471000,116.5308200,34.0
40.06469000,116.5308600,34.0
40.06468000,116.5309100,34.0
40.06468000,116.5309600,34.0
40.06469000,116.5310000,34.0
40.06473000,116.5310500,34.0
40.06476000,116.5310800,34.0
40.06478000,116.5310900,34.0
40.06481000,116.5311100,34.0
40.06479000,116.5311400,34.0
40.06477000,116.5311800,33.0
40.06475000,116.5312100,33.0
40.06472000,116.5312500,33.0
40.06470000,116.5312800,33.0
40.06468000,116.5313100,33.0
40.06466000,116.5313400,33.0
40.06463000,116.5313700,33.0
40.06461000,116.5314000,33.0
40.06458000,116.5314300,33.0
40.06456000,116.5314700,33.0
40.06453000,116.5315000,33.0
40.06450000,116.5315400,34.0
40.06448000,116.5315800,34.0
40.06445000,116.5316200,34.0
40.06442000,116.5316600,34.0
40.06440000,116.5316900,34.0
40.06438000,116.5317200,34.0
40.06436000,116.5317400,34.0
40.06433000,116.5317500,34.0
40.06430000,116.5317600,34.0
40.06427000,116.5317400,34.0
40.06424000,116.5317200,34.0
40.06422000,116.5317000,34.0
40.06418000,116.5316800,34.0
40.06414000,116.5316600,33.0
40.06410000,116.5316500,33.0
40.06402000,116.5316400,32.0
40.06395000,116.5316200,31.0
40.06390000,116.5316100,30.0
40.06385000,116.5316100,30.0
40.06380000,116.5316200,29.0
40.06376000,116.5316300,29.0
40.06372000,116.5316600,29.0
40.06368000,116.5316900,29.0
40.06365000,116.5317200,29.0
40.06361000,116.5317500,29.0
40.06357000,116.5317700,30.0
40.06353000,116.5318000,30.0
40.06349000,116.5318300,30.0
40.06345000,116.5318600,30.0
40.06341000,116.5318800,30.0
40.06337000,116.5319100,30.0
40.06333000,116.5319400,30.0
40.06329000,116.5319700,30.0
40.06325000,116.5320000,29.0
40.06321000,116.5320300,29.0
40.06317000,116.5320600,28.0
40.06313000,116.5320900,28.0
40.06309000,116.5321200,27.0
40.06305000,116.5321600,27.0
40.06301000,116.5321900,27.0
40.06297000,116.5322200,26.0
40.06294000,116.5322500,26.0
40.06290000,116.5322800,26.0
40.06286000,116.5323100,26.0
40.06283000,116.5323500,26.0
40.06279000,116.5323800,25.0
40.06275000,116.5324100,25.0
40.06271000,116.5324400,25.0
40.06268000,116.5324700,26.0
40.06264000,116.5325000,26.0
40.06260000,116.5325400,26.0
40.06257000,116.5325700,26.0
40.06253000,116.5326000,26.0
40.06249000,116.5326400,26.0
40.06246000,116.5326800,26.0
40.06242000,116.5327100,27.0
40.06238000,116.5327500,27.0
40.06234000,116.5327900,28.0
40.06231000,116.5328200,28.0
40.06227000,116.5328600,28.0
40.06224000,116.5329000,29.0
40.06221000,116.5329300,29.0
40.06218000,116.5329700,29.0
40.06215000,116.5330100,29.0
40.06211000,116.5330500,29.0
40.06208000,116.5330800,29.0
40.06204000,116.5331200,28.0
40.06201000,116.5331600,28.0
40.06197000,116.5332000,27.0
40.06194000,116.5332400,27.0
40.06191000,116.5332800,27.0
40.06188000,116.5333300,27.0
40.06185000,116.5333700,27.0
40.06182000,116.5334100,26.0
40.06178000,116.5334600,26.0
40.06175000,116.5335000,26.0
40.06171000,116.5335500,26.0
40.06168000,116.5335900,26.0
40.06165000,116.5336400,25.0
40.06161000,116.5336900,25.0
40.06158000,116.5337400,25.0
40.06155000,116.5337900,25.0
40.06152000,116.5338300,25.0
40.06149000,116.5338800,25.0
40.06147000,116.5339300,26.0
40.06144000,116.5339700,26.0
40.06141000,116.5340200,26.0
40.06138000,116.5340700,26.0
40.06135000,116.5341100,27.0
40.06133000,116.5341600,27.0
40.06131000,116.5342100,28.0
40.06128000,116.5342500,28.0
40.06125000,116.5343000,28.0
40.06123000,116.5343500,29.0
40.06120000,116.5344100,29.0
40.06117000,116.5344600,30.0
40.06115000,116.5345100,30.0
40.06112000,116.5345600,30.0
40.06110000,116.5346100,29.0
40.06107000,116.5346500,29.0
40.06105000,116.5347000,29.0
40.06102000,116.5347400,30.0
40.06098000,116.5347700,30.0
40.06095000,116.5348100,30.0
40.06091000,116.5348400,30.0
40.06088000,116.5348800,30.0
40.06084000,116.5349200,30.0
40.06080000,116.5349700,29.0
40.06077000,116.5350100,29.0
40.06073000,116.5350500,29.0
40.06070000,116.5351000,29.0
40.06067000,116.5351500,29.0
40.06064000,116.5352000,29.0
40.06061000,116.5352400,29.0
40.06057000,116.5352800,29.0
40.06054000,116.5353200,28.0
40.06051000,116.5353600,28.0
40.06049000,116.5354000,27.0
40.06046000,116.5354400,27.0
40.06043000,116.5354900,26.0
40.06040000,116.5355300,25.0
40.06037000,116.5355600,25.0
40.06034000,116.5356100,24.0
40.06030000,116.5356500,23.0
40.06027000,116.5356900,23.0
40.06023000,116.5357300,23.0
40.06019000,116.5357800,22.0
40.06016000,116.5358200,22.0
40.06012000,116.5358700,22.0
40.06009000,116.5359200,22.0
40.06006000,116.5359700,22.0
40.06003000,116.5360200,22.0
40.06001000,116.5360800,22.0
40.05998000,116.5361400,23.0
40.05995000,116.5362000,23.0
40.05993000,116.5362600,23.0
40.05990000,116.5363100,24.0
40.05988000,116.5363700,24.0
40.05985000,116.5364200,24.0
40.05983000,116.5364700,25.0
40.05980000,116.5365200,26.0
40.05977000,116.5365600,26.0
40.05974000,116.5366100,26.0
40.05971000,116.5366600,26.0
40.05968000,116.5367000,26.0
40.05965000,116.5367500,27.0
40.05962000,116.5367900,27.0
40.05959000,116.5368400,27.0
40.05956000,116.5368900,27.0
40.05953000,116.5369300,27.0
40.05949000,116.5369800,27.0
40.05946000,116.5370300,27.0
40.05943000,116.5370800,27.0
40.05939000,116.5371300,27.0
40.05936000,116.5371800,27.0
40.05932000,116.5372300,27.0
40.05929000,116.5372800,27.0
40.05925000,116.5373300,26.0
40.05921000,116.5373800,26.0
40.05918000,116.5374300,26.0
40.05914000,116.5374700,26.0
40.05911000,116.5375200,26.0
40.05907000,116.5375700,27.0
40.05904000,116.5376100,27.0
40.05900000,116.5376600,27.0
40.05897000,116.5377000,27.0
40.05893000,116.5377400,28.0
40.05890000,116.5377900,28.0
40.05887000,116.5378300,28.0
40.05883000,116.5378700,29.0
40.05880000,116.5379100,29.0
40.05876000,116.5379600,29.0
40.05873000,116.5380000,30.0
40.05869000,116.5380400,31.0
40.05866000,116.5380900,31.0
40.05862000,116.5381300,31.0
40.05859000,116.5381800,32.0
40.05855000,116.5382200,32.0
40.05851000,116.5382600,32.0
40.05848000,116.5383100,32.0
40.05844000,116.5383500,32.0
40.05840000,116.5383900,32.0
40.05836000,116.5384300,31.0
40.05832000,116.5384700,31.0
40.05828000,116.5385000,31.0
40.05824000,116.5385400,31.0
40.05820000,116.5385800,31.0
40.05816000,116.5386200,31.0
40.05812000,116.5386600,31.0
40.05808000,116.5387000,31.0
40.05805000,116.5387300,31.0
40.05801000,116.5387700,31.0
40.05797000,116.5388100,31.0
40.05794000,116.5388500,31.0
40.05791000,116.5388800,31.0
40.05788000,116.5389200,31.0
40.05785000,116.5389500,31.0
40.05783000,116.5390000,32.0
40.05782000,116.5390500,32.0
40.05781000,116.5391000,32.0
40.05779000,116.5391500,32.0
40.05777000,116.5392000,33.0
40.05775000,116.5392400,32.0
40.05771000,116.5392800,32.0
40.05767000,116.5393200,32.0
40.05764000,116.5393500,32.0
40.05760000,116.5393800,31.0
40.05756000,116.5394100,31.0
40.05751000,116.5394300,31.0
40.05747000,116.5394600,30.0
40.05743000,116.5394800,30.0
40.05739000,116.5395000,30.0
40.05735000,116.5395100,30.0
40.05732000,116.5395400,30.0
40.05729000,116.5395700,30.0
40.05727000,116.5396100,30.0
40.05725000,116.5396600,31.0
40.05724000,116.5397100,31.0
40.05724000,116.5397600,32.0
40.05724000,116.5398100,32.0
40.05725000,116.5398600,32.0
40.05727000,116.5399000,32.0
40.05730000,116.5399400,32.0
40.05732000,116.5399700,32.0
40.05735000,116.5399900,32.0
40.05737000,116.5400100,31.0
40.05740000,116.5400200,31.0
40.05743000,116.5400500,31.0
40.05744000,116.5400800,31.0
40.05746000,116.5400500,31.0
40.05747000,116.5400900,31.0
40.05744000,116.5401300,31.0
40.05741000,116.5401600,31.0
40.05739000,116.5401800,31.0
40.05735000,116.5402100,31.0
40.05732000,116.5402400,31.0
40.05729000,116.5402700,31.0
40.05726000,116.5403000,30.0
40.05723000,116.5403400,30.0
40.05719000,116.5403700,30.0
40.05715000,116.5404000,30.0
40.05712000,116.5404400,30.0
40.05709000,116.5404600,30.0
40.05705000,116.5404800,30.0
40.05702000,116.5405000,30.0
40.05700000,116.5405200,30.0
40.05697000,116.5405400,30.0
40.05694000,116.5405600,30.0
40.05691000,116.5405800,30.0
40.05687000,116.5405900,30.0
40.05684000,116.5405900,30.0
40.05682000,116.5405500,30.0
40.05680000,116.5405200,30.0
40.05678000,116.5404700,30.0
40.05675000,116.5404200,30.0
40.05673000,116.5403900,30.0
40.05672000,116.5403600,30.0
40.05670000,116.5403200,30.0
40.05668000,116.5402900,30.0
40.05666000,116.5402500,30.0
40.05664000,116.5402100,30.0
40.05663000,116.5401700,30.0
40.05661000,116.5401200,30.0
40.05659000,116.5400800,30.0
40.05657000,116.5400300,29.0
40.05655000,116.5399800,29.0
40.05654000,116.5399300,29.0
40.05652000,116.5398800,29.0
40.05650000,116.5398400,29.0
40.05648000,116.5397900,28.0
40.05646000,116.5397500,28.0
40.05644000,116.5397000,28.0
40.05642000,116.5396500,27.0
40.05639000,116.5396100,27.0
40.05637000,116.5395600,27.0
40.05635000,116.5395100,26.0
40.05633000,116.5394600,26.0
40.05631000,116.5394100,26.0
40.05629000,116.5393700,26.0
40.05626000,116.5393200,25.0
40.05624000,116.5392700,25.0
40.05622000,116.5392200,25.0
40.05619000,116.5391600,25.0
40.05617000,116.5391200,25.0
40.05615000,116.5390700,25.0
40.05612000,116.5390200,26.0
40.05610000,116.5389700,26.0
40.05607000,116.5389100,26.0
40.05605000,116.5388600,27.0
40.05603000,116.5388100,27.0
40.05600000,116.5387600,27.0
40.05598000,116.5387100,27.0
40.05596000,116.5386500,28.0
40.05593000,116.5386000,28.0
40.05591000,116.5385500,28.0
40.05588000,116.5385000,28.0
40.05586000,116.5384400,28.0
40.05583000,116.5383900,27.0
40.05581000,116.5383400,27.0
40.05578000,116.5382900,27.0
40.05576000,116.5382400,26.0
40.05573000,116.5381800,26.0
40.05571000,116.5381300,26.0
40.05568000,116.5380800,25.0
40.05566000,116.5380300,25.0
40.05564000,116.5379700,26.0
40.05561000,116.5379200,26.0
40.05559000,116.5378700,26.0
40.05556000,116.5378100,26.0
40.05553000,116.5377600,27.0
40.05550000,116.5377100,28.0
40.05547000,116.5376700,28.0
40.05545000,116.5376200,29.0
40.05542000,116.5375700,29.0
40.05540000,116.5375200,30.0
40.05537000,116.5374700,30.0
40.05535000,116.5374200,31.0
40.05532000,116.5373800,31.0
40.05530000,116.5373300,31.0
40.05527000,116.5372900,32.0
40.05525000,116.5372400,32.0
40.05522000,116.5371900,33.0
40.05519000,116.5371400,33.0
40.05517000,116.5370900,34.0
40.05514000,116.5370500,34.0
40.05511000,116.5370000,34.0
40.05509000,116.5369600,34.0
40.05506000,116.5369100,35.0
40.05504000,116.5368700,35.0
40.05504000,116.5368300,35.0
40.05505000,116.5367900,36.0
40.05509000,116.5368100,35.0
40.05513000,116.5368600,35.0
40.05516000,116.5369000,35.0
40.05519000,116.5369400,35.0
40.05522000,116.5370000,34.0
40.05524000,116.5370500,34.0
40.05525000,116.5370900,34.0
40.05527000,116.5371200,33.0
40.05529000,116.5371500,33.0
40.05530000,116.5371800,33.0
40.05532000,116.5372100,33.0
40.05534000,116.5372400,33.0
40.05536000,116.5372800,32.0
40.05538000,116.5373200,32.0
40.05541000,116.5373600,32.0
40.05543000,116.5374000,31.0
40.05545000,116.5374400,31.0
40.05548000,116.5374800,30.0
40.05550000,116.5375200,30.0
40.05552000,116.5375600,30.0
40.05555000,116.5376000,29.0
40.05557000,116.5376400,28.0
40.05559000,116.5376800,28.0
40.05562000,116.5377300,27.0
40.05564000,116.5377700,27.0
40.05565000,116.5378100,27.0
40.05566000,116.5378600,26.0
40.05566000,116.5379100,26.0
40.05565000,116.5379500,26.0
40.05561000,116.5380000,25.0
40.05557000,116.5380300,25.0
40.05551000,116.5380900,25.0
40.05544000,116.5381300,25.0
40.05539000,116.5381500,25.0
40.05536000,116.5381700,25.0
40.05533000,116.5382000,24.0
40.05530000,116.5382300,24.0
40.05528000,116.5382600,24.0
40.05526000,116.5383000,24.0
40.05524000,116.5383400,24.0
40.05522000,116.5383800,24.0
40.05519000,116.5384100,25.0
40.05517000,116.5384500,25.0
40.05514000,116.5384800,25.0
40.05511000,116.5385100,26.0
40.05508000,116.5385400,26.0
40.05504000,116.5385600,26.0
40.05501000,116.5385800,27.0
40.05498000,116.5386000,27.0
40.05494000,116.5386200,27.0
40.05491000,116.5386500,27.0
40.05488000,116.5386700,27.0
40.05485000,116.5386900,27.0
40.05482000,116.5387100,27.0
40.05479000,116.5387300,27.0
40.05477000,116.5387500,27.0
40.05473000,116.5387600,27.0
40.05470000,116.5387700,27.0
40.05467000,116.5387800,27.0
40.05464000,116.5388000,27.0
40.05461000,116.5388100,27.0
40.05458000,116.5388300,27.0
40.05454000,116.5388600,27.0
40.05451000,116.5388800,27.0
40.05447000,116.5389000,26.0
40.05443000,116.5389100,26.0
40.05439000,116.5389300,26.0
40.05434000,116.5389400,26.0
40.05430000,116.5389400,26.0
40.05426000,116.5389500,26.0
40.05421000,116.5389600,26.0
40.05417000,116.5389600,26.0
40.05412000,116.5389700,26.0
40.05408000,116.5389800,26.0
40.05404000,116.5389900,25.0
40.05399000,116.5390000,25.0
40.05395000,116.5390000,25.0
40.05390000,116.5390100,25.0
40.05386000,116.5390100,25.0
40.05381000,116.5390100,26.0
40.05377000,116.5390100,26.0
40.05372000,116.5390100,26.0
40.05368000,116.5390100,26.0
40.05364000,116.5390100,26.0
40.05359000,116.5390000,27.0
40.05355000,116.5390000,27.0
40.05351000,116.5390000,27.0
40.05347000,116.5389900,27.0
40.05342000,116.5389800,28.0
40.05338000,116.5389700,28.0
40.05334000,116.5389600,28.0
40.05331000,116.5389500,28.0
40.05328000,116.5389300,28.0
40.05326000,116.5389100,28.0
40.05325000,116.5388700,28.0
40.05324000,116.5388400,28.0
40.05324000,116.5388000,28.0
40.05323000,116.5387600,28.0
40.05323000,116.5387200,28.0
40.05323000,116.5386900,28.0
40.05323000,116.5386500,29.0
40.05322000,116.5386100,29.0
40.05322000,116.5385700,29.0
40.05321000,116.5385000,29.0
40.05321000,116.5384600,29.0
40.05321000,116.5384100,30.0
40.05320000,116.5383700,30.0
40.05319000,116.5383300,30.0
40.05319000,116.5382800,30.0
40.05318000,116.5382300,30.0
40.05317000,116.5381800,30.0
40.05317000,116.5381300,30.0
40.05316000,116.5380900,31.0
40.05316000,116.5380400,31.0
40.05315000,116.5380000,30.0
40.05314000,116.5379600,30.0
40.05314000,116.5379200,30.0
40.05313000,116.5378800,30.0
40.05309000,116.5378400,30.0
40.05306000,116.5378400,30.0
40.05302000,116.5378400,29.0
40.05299000,116.5378400,29.0
40.05295000,116.5378500,28.0
40.05291000,116.5378600,27.0
40.05287000,116.5378700,27.0
40.05284000,116.5378800,26.0
40.05281000,116.5378900,26.0
40.05277000,116.5379100,26.0
40.05274000,116.5379100,26.0
40.05271000,116.5379100,26.0
40.05268000,116.5379100,26.0
40.05264000,116.5378900,26.0
40.05259000,116.5378600,26.0
40.05257000,116.5378300,26.0
40.05255000,116.5378100,26.0
40.05252000,116.5377900,26.0
40.05247000,116.5377700,27.0
40.05242000,116.5377700,27.0
40.05239000,116.5377800,28.0
40.05236000,116.5377900,28.0
40.05233000,116.5378000,28.0
40.05229000,116.5378400,29.0
40.05227000,116.5378900,29.0
40.05226000,116.5379300,29.0
40.05225000,116.5379600,29.0
40.05224000,116.5380000,29.0
40.05223000,116.5380300,28.0
40.05222000,116.5380700,28.0
40.05222000,116.5381100,28.0
40.05221000,116.5381500,28.0
40.05220000,116.5381900,28.0
40.05218000,116.5382400,27.0
40.05217000,116.5382800,27.0
40.05216000,116.5383200,27.0
40.05216000,116.5383700,27.0
40.05215000,116.5384100,27.0
40.05214000,116.5384600,26.0
40.05214000,116.5385100,26.0
40.05213000,116.5385500,26.0
40.05210000,116.5385700,26.0
40.05208000,116.5385900,26.0
40.05205000,116.5385900,26.0
40.05201000,116.5385900,26.0
40.05198000,116.5385900,26.0
40.05194000,116.5385800,26.0
40.05190000,116.5385700,26.0
40.05187000,116.5385500,26.0
40.05183000,116.5385400,26.0
40.05180000,116.5385300,27.0
40.05176000,116.5385200,27.0
40.05172000,116.5385200,27.0
40.05168000,116.5385200,27.0
40.05164000,116.5385200,27.0
40.05159000,116.5385200,27.0
40.05155000,116.5385200,27.0
40.05150000,116.5385200,27.0
40.05146000,116.5385200,27.0
40.05142000,116.5385100,27.0
40.05137000,116.5385000,27.0
40.05133000,116.5385000,28.0
40.05128000,116.5384800,28.0
40.05124000,116.5384700,28.0
40.05120000,116.5384600,29.0
40.05116000,116.5384300,29.0
40.05112000,116.5384100,29.0
40.05108000,116.5383800,29.0
40.05104000,116.5383500,30.0
40.05101000,116.5383400,30.0
40.05097000,116.5383300,30.0
40.05092000,116.5383200,30.0
40.05087000,116.5383200,30.0
40.05083000,116.5383300,31.0
40.05078000,116.5383300,31.0
40.05074000,116.5383400,31.0
40.05069000,116.5383500,31.0
40.05065000,116.5383500,31.0
40.05060000,116.5383600,31.0
40.05056000,116.5383700,31.0
40.05051000,116.5383700,31.0
40.05046000,116.5383700,31.0
40.05041000,116.5383800,31.0
40.05037000,116.5383900,31.0
40.05032000,116.5383900,31.0
40.05027000,116.5384000,31.0
40.05022000,116.5384100,31.0
40.05018000,116.5384300,30.0
40.05013000,116.5384300,30.0
40.05009000,116.5384400,30.0
40.05005000,116.5384400,30.0
40.05001000,116.5384400,30.0
40.04996000,116.5384500,30.0
40.04992000,116.5384500,30.0
40.04989000,116.5384500,30.0
40.04985000,116.5384600,30.0
40.04982000,116.5384600,30.0
40.04978000,116.5384700,30.0
40.04974000,116.5384700,31.0
40.04971000,116.5384700,31.0
40.04966000,116.5384800,31.0
40.04962000,116.5384900,31.0
40.04957000,116.5384900,31.0
40.04953000,116.5385000,31.0
40.04949000,116.5385000,31.0
40.04944000,116.5385100,31.0
40.04939000,116.5385100,31.0
40.04935000,116.5385200,31.0
40.04930000,116.5385200,31.0
40.04926000,116.5385300,31.0
40.04921000,116.5385300,31.0
40.04916000,116.5385300,31.0
40.04911000,116.5385400,31.0
40.04906000,116.5385400,31.0
40.04901000,116.5385500,31.0
40.04896000,116.5385600,31.0
40.04892000,116.5385600,31.0
40.04888000,116.5385700,31.0
40.04884000,116.5385700,31.0
40.04880000,116.5385600,31.0
40.04876000,116.5385600,31.0
40.04872000,116.5385500,31.0
40.04868000,116.5385400,31.0
40.04864000,116.5385300,31.0
40.04859000,116.5385300,31.0
40.04855000,116.5385300,31.0
40.04850000,116.5385300,31.0
40.04845000,116.5385400,31.0
40.04840000,116.5385400,30.0
40.04835000,116.5385500,30.0
40.04831000,116.5385600,30.0
40.04826000,116.5385700,30.0
40.04822000,116.5385900,31.0
40.04817000,116.5386100,31.0
40.04814000,116.5386400,31.0
40.04810000,116.5386600,31.0
40.04808000,116.5387000,30.0
40.04805000,116.5387400,30.0
40.04803000,116.5387800,30.0
40.04800000,116.5388300,29.0
40.04798000,116.5388700,29.0
40.04794000,116.5389000,29.0
40.04791000,116.5389200,30.0
40.04788000,116.5389500,30.0
40.04786000,116.5389900,30.0
40.04784000,116.5390300,30.0
40.04783000,116.5391000,30.0
40.04781000,116.5391500,30.0
40.04780000,116.5391900,30.0
40.04777000,116.5392200,30.0
40.04775000,116.5392500,30.0
40.04772000,116.5392800,30.0
40.04769000,116.5393100,30.0
40.04766000,116.5393400,31.0
40.04763000,116.5393700,31.0
40.04760000,116.5394100,31.0
40.04757000,116.5394400,31.0
40.04754000,116.5394700,31.0
40.04751000,116.5395000,31.0
40.04749000,116.5395300,30.0
40.04746000,116.5395700,30.0
40.04742000,116.5396100,30.0
40.04739000,116.5396500,30.0
40.04734000,116.5396900,30.0
40.04731000,116.5397200,30.0
40.04728000,116.5397500,30.0
40.04725000,116.5397900,30.0
40.04723000,116.5398300,30.0
40.04720000,116.5398600,30.0
40.04717000,116.5398900,30.0
40.04713000,116.5399200,30.0
40.04710000,116.5399500,30.0
40.04707000,116.5399800,30.0
40.04703000,116.5400100,30.0
40.04700000,116.5400400,31.0
40.04697000,116.5400900,30.0
40.04693000,116.5401300,30.0
40.04691000,116.5401700,30.0
40.04687000,116.5402300,30.0
40.04684000,116.5402800,30.0
40.04680000,116.5403200,31.0
40.04677000,116.5403600,31.0
40.04673000,116.5404000,31.0
40.04669000,116.5404300,32.0
40.04666000,116.5404600,32.0
40.04663000,116.5405000,32.0
40.04660000,116.5405400,33.0
40.04657000,116.5405700,33.0
40.04654000,116.5406000,33.0
40.04652000,116.5406200,33.0
40.04650000,116.5406500,33.0
40.04647000,116.5406700,34.0
40.04645000,116.5407000,34.0
40.04642000,116.5407300,34.0
40.04639000,116.5407600,35.0
40.04635000,116.5407900,34.0
40.04633000,116.5408200,34.0
40.04630000,116.5408500,34.0
40.04627000,116.5408800,33.0
40.04624000,116.5409100,33.0
40.04621000,116.5409400,32.0
40.04617000,116.5409600,32.0
40.04614000,116.5409900,31.0
40.04611000,116.5410200,31.0
40.04608000,116.5410500,31.0
40.04605000,116.5410800,30.0
40.04602000,116.5411100,30.0
40.04600000,116.5411400,30.0
40.04597000,116.5411600,29.0
40.04594000,116.5411700,29.0
40.04591000,116.5411700,29.0
40.04589000,116.5411700,29.0
40.04586000,116.5411700,28.0
40.04583000,116.5411500,28.0
40.04579000,116.5411200,29.0
40.04576000,116.5411100,30.0
40.04572000,116.5411200,30.0
40.04570000,116.5411400,30.0
40.04567000,116.5411700,31.0
40.04565000,116.5412100,31.0
40.04563000,116.5412400,31.0
40.04560000,116.5412700,31.0
40.04557000,116.5413100,32.0
40.04553000,116.5413500,32.0
40.04550000,116.5414100,32.0
40.04549000,116.5414500,32.0
40.04548000,116.5415000,32.0
40.04547000,116.5415600,33.0
40.04546000,116.5416200,33.0
40.04544000,116.5416700,34.0
40.04542000,116.5417100,34.0
40.04540000,116.5417500,35.0
40.04538000,116.5417800,35.0
40.04536000,116.5418200,36.0
40.04534000,116.5418600,37.0
40.04533000,116.5418900,37.0
40.04531000,116.5419400,38.0
40.04529000,116.5419800,38.0
40.04527000,116.5420200,38.0
40.04524000,116.5420600,38.0
40.04522000,116.5421000,38.0
40.04519000,116.5421300,38.0
40.04516000,116.5421600,38.0
40.04514000,116.5421800,38.0
40.04511000,116.5422200,39.0
40.04509000,116.5422500,38.0
40.04507000,116.5422800,38.0
40.04504000,116.5423000,38.0
40.04501000,116.5423300,37.0
40.04499000,116.5423500,37.0
40.04496000,116.5423700,36.0
40.04494000,116.5424000,36.0
40.04491000,116.5424400,35.0
40.04488000,116.5424700,34.0
40.04486000,116.5425000,34.0
40.04483000,116.5425300,34.0
40.04480000,116.5425700,33.0
40.04477000,116.5426000,33.0
40.04474000,116.5426300,33.0
40.04472000,116.5426600,33.0
40.04471000,116.5427100,32.0
40.04471000,116.5427600,31.0
40.04472000,116.5428000,30.0
40.04473000,116.5428400,30.0
40.04476000,116.5428200,30.0
40.04476000,116.5428600,30.0
40.04473000,116.5428400,30.0
40.04476000,116.5428400,30.0
40.04474000,116.5428600,30.0
40.04472000,116.5428900,30.0
40.04470000,116.5429200,30.0
40.04468000,116.5429500,30.0
40.04466000,116.5429700,30.0
40.04462000,116.5429700,30.0
40.04460000,116.5429500,30.0
40.04457000,116.5429300,30.0
40.04455000,116.5429100,31.0
40.04451000,116.5429100,31.0
40.04448000,116.5429300,31.0
40.04444000,116.5429700,31.0
40.04440000,116.5430200,30.0
40.04438000,116.5430400,30.0
40.04436000,116.5430700,30.0
40.04434000,116.5431000,30.0
40.04432000,116.5431300,29.0
40.04429000,116.5431700,29.0
40.04427000,116.5432000,29.0
40.04424000,116.5432400,28.0
40.04422000,116.5432800,28.0
40.04419000,116.5433200,28.0
40.04416000,116.5433600,27.0
40.04414000,116.5434000,27.0
40.04412000,116.5434500,27.0
40.04410000,116.5434900,27.0
40.04408000,116.5435300,27.0
40.04406000,116.5435700,27.0
40.04404000,116.5436000,27.0
40.04402000,116.5436400,28.0
40.04400000,116.5436900,28.0
40.04398000,116.5437200,28.0
40.04396000,116.5437600,28.0
40.04394000,116.5438000,28.0
40.04393000,116.5438500,29.0
40.04391000,116.5439000,29.0
40.04389000,116.5439300,28.0
40.04387000,116.5439600,28.0
40.04384000,116.5439900,29.0
40.04380000,116.5440200,29.0
40.04377000,116.5440400,29.0
40.04373000,116.5440700,30.0
40.04369000,116.5441000,30.0
40.04366000,116.5441200,31.0
40.04364000,116.5441500,31.0
40.04361000,116.5441900,31.0
40.04358000,116.5442200,31.0
40.04355000,116.5442600,31.0
40.04353000,116.5443000,31.0
40.04350000,116.5443300,32.0
40.04347000,116.5443500,32.0
40.04344000,116.5443700,32.0
40.04340000,116.5443900,32.0
40.04336000,116.5444000,32.0
40.04334000,116.5444400,32.0
40.04333000,116.5445000,32.0
40.04334000,116.5445600,32.0
40.04335000,116.5446200,31.0
40.04335000,116.5446900,31.0
40.04335000,116.5447300,30.0
40.04334000,116.5447700,30.0
40.04333000,116.5448000,30.0
40.04331000,116.5448400,30.0
40.04330000,116.5448800,30.0
40.04328000,116.5449200,29.0
40.04327000,116.5449600,29.0
40.04325000,116.5449900,29.0
40.04324000,116.5450300,29.0
40.04322000,116.5450700,29.0
40.04321000,116.5451000,29.0
40.04320000,116.5451400,28.0
40.04318000,116.5451800,28.0
40.04317000,116.5452100,28.0
40.04316000,116.5452400,28.0
40.04314000,116.5453100,28.0
40.04312000,116.5453700,29.0
40.04310000,116.5454400,29.0
40.04309000,116.5454700,30.0
40.04307000,116.5455000,30.0
40.04306000,116.5455400,30.0
40.04304000,116.5455800,30.0
40.04303000,116.5456300,30.0
40.04301000,116.5456700,30.0
40.04299000,116.5457100,29.0
40.04297000,116.5457600,29.0
40.04295000,116.5458000,29.0
40.04293000,116.5458500,28.0
40.04292000,116.5458900,28.0
40.04290000,116.5459300,28.0
40.04288000,116.5459800,27.0
40.04286000,116.5460300,27.0
40.04284000,116.5460700,27.0
40.04282000,116.5461300,26.0
40.04280000,116.5461900,26.0
40.04278000,116.5462500,26.0
40.04276000,116.5463100,25.0
40.04274000,116.5463800,25.0
40.04271000,116.5464400,25.0
40.04269000,116.5465100,25.0
40.04267000,116.5465800,25.0
40.04265000,116.5466500,24.0
40.04263000,116.5467200,25.0
40.04260000,116.5467800,25.0
40.04258000,116.5468400,26.0
40.04256000,116.5469100,26.0
40.04253000,116.5469700,26.0
40.04251000,116.5470300,27.0
40.04248000,116.5471000,27.0
40.04246000,116.5471700,27.0
40.04243000,116.5472300,27.0
40.04241000,116.5473000,27.0
40.04238000,116.5473600,27.0
40.04236000,116.5474200,27.0
40.04233000,116.5474900,27.0
40.04230000,116.5475500,26.0
40.04228000,116.5476200,25.0
40.04225000,116.5477000,24.0
40.04222000,116.5477700,24.0
40.04220000,116.5478400,23.0
40.04217000,116.5479100,23.0
40.04214000,116.5479800,22.0
40.04212000,116.5480500,22.0
40.04209000,116.5481200,22.0
40.04207000,116.5481900,23.0
40.04204000,116.5482600,24.0
40.04201000,116.5483200,24.0
40.04198000,116.5483800,25.0
40.04195000,116.5484400,26.0
40.04193000,116.5485100,27.0
40.04190000,116.5485800,28.0
40.04188000,116.5486400,28.0
40.04185000,116.5487000,29.0
40.04182000,116.5487600,29.0
40.04180000,116.5488200,30.0
40.04178000,116.5488800,30.0
40.04175000,116.5489400,31.0
40.04172000,116.5489900,31.0
40.04170000,116.5490500,31.0
40.04168000,116.5491100,31.0
40.04165000,116.5491600,31.0
40.04162000,116.5492200,30.0
40.04160000,116.5492700,30.0
40.04157000,116.5493300,29.0
40.04154000,116.5493800,29.0
40.04152000,116.5494300,29.0
40.04149000,116.5494900,29.0
40.04146000,116.5495400,29.0
40.04144000,116.5495900,29.0
40.04142000,116.5496400,29.0
40.04140000,116.5496900,29.0
40.04138000,116.5497300,29.0
40.04136000,116.5497600,29.0
40.04135000,116.5498000,29.0
40.04133000,116.5498400,30.0
40.04131000,116.5498600,30.0
40.04131000,116.5499100,30.0
40.04131000,116.5499600,31.0
40.04130000,116.5500200,31.0
40.04129000,116.5500900,31.0
40.04129000,116.5501200,31.0
40.04128000,116.5501600,32.0
40.04128000,116.5501900,32.0
40.04127000,116.5502300,32.0
40.04127000,116.5502700,32.0
40.04126000,116.5503100,32.0
40.04125000,116.5503500,31.0
40.04124000,116.5503900,31.0
40.04123000,116.5504300,30.0
40.04121000,116.5504700,30.0
40.04119000,116.5505200,29.0
40.04117000,116.5505600,29.0
40.04115000,116.5506000,29.0
40.04113000,116.5506400,28.0
40.04111000,116.5506700,28.0
40.04109000,116.5507100,27.0
40.04107000,116.5507500,27.0
40.04105000,116.5508000,27.0
40.04103000,116.5508400,27.0
40.04101000,116.5508900,27.0
40.04099000,116.5509300,27.0
40.04097000,116.5509700,28.0
40.04095000,116.5510200,28.0
40.04093000,116.5510600,28.0
40.04091000,116.5511100,28.0
40.04089000,116.5511500,29.0
40.04088000,116.5511900,30.0
40.04086000,116.5512300,30.0
40.04085000,116.5512600,31.0
40.04083000,116.5512900,32.0
40.04082000,116.5513300,32.0
40.04080000,116.5513600,33.0
40.04079000,116.5514000,33.0
40.04076000,116.5514400,34.0
40.04074000,116.5514700,34.0
40.04070000,116.5514800,34.0
40.04066000,116.5514900,35.0
40.04063000,116.5514800,35.0
40.04060000,116.5514700,35.0
40.04056000,116.5514500,35.0
40.04053000,116.5514300,36.0
40.04050000,116.5514100,36.0
40.04048000,116.5513900,36.0
40.04043000,116.5513700,36.0
40.04039000,116.5513700,37.0
40.04037000,116.5513900,37.0
40.04034000,116.5514400,37.0
40.04033000,116.5514700,37.0
40.04033000,116.5515100,37.0
40.04032000,116.5515500,38.0
40.04032000,116.5515900,38.0
40.04031000,116.5516300,38.0
40.04030000,116.5516900,38.0
40.04029000,116.5517400,38.0
40.04029000,116.5517900,37.0
40.04028000,116.5518400,37.0
40.04027000,116.5518800,36.0
40.04025000,116.5519200,36.0
40.04023000,116.5519600,35.0
40.04021000,116.5519900,35.0
40.04019000,116.5520400,35.0
40.04017000,116.5520800,35.0
40.04015000,116.5521200,34.0
40.04013000,116.5521700,34.0
40.04011000,116.5522200,33.0
40.04009000,116.5522700,33.0
40.04007000,116.5523200,33.0
40.04005000,116.5523700,33.0
40.04002000,116.5524200,33.0
40.04000000,116.5524700,33.0
40.03998000,116.5525200,32.0
40.03996000,116.5525800,32.0
40.03994000,116.5526300,32.0
40.03992000,116.5526900,32.0
40.03990000,116.5527600,32.0
40.03988000,116.5528200,32.0
40.03986000,116.5528800,31.0
40.03983000,116.5529400,31.0
40.03982000,116.5530000,31.0
40.03980000,116.5530600,31.0
40.03977000,116.5531100,30.0
40.03975000,116.5531700,30.0
40.03973000,116.5532200,30.0
40.03971000,116.5532700,29.0
40.03968000,116.5533200,29.0
40.03966000,116.5533700,29.0
40.03964000,116.5534300,29.0
40.03962000,116.5534900,28.0
40.03960000,116.5535500,28.0
40.03958000,116.5536100,27.0
40.03956000,116.5536700,27.0
40.03953000,116.5537300,27.0
40.03951000,116.5537900,27.0
40.03949000,116.5538500,27.0
40.03947000,116.5539100,27.0
40.03945000,116.5539700,27.0
40.03943000,116.5540200,28.0
40.03941000,116.5540800,28.0
40.03939000,116.5541300,29.0
40.03937000,116.5541900,30.0
40.03934000,116.5542500,30.0
40.03932000,116.5543000,31.0
40.03930000,116.5543600,31.0
40.03928000,116.5544100,32.0
40.03926000,116.5544600,32.0
40.03924000,116.5545100,32.0
40.03922000,116.5545700,32.0
40.03920000,116.5546200,32.0
40.03918000,116.5546700,32.0
40.03916000,116.5547200,32.0
40.03915000,116.5547700,32.0
40.03913000,116.5548200,32.0
40.03913000,116.5548800,32.0
40.03912000,116.5549400,32.0
40.03911000,116.5550000,33.0
40.03911000,116.5550600,33.0
40.03910000,116.5551200,33.0
40.03910000,116.5551700,32.0
40.03909000,116.5552300,32.0
40.03908000,116.5552900,32.0
40.03907000,116.5553400,32.0
40.03906000,116.5554000,32.0
40.03905000,116.5554500,32.0
40.03904000,116.5555100,32.0
40.03902000,116.5555600,32.0
40.03900000,116.5556100,32.0
40.03899000,116.5556700,31.0
40.03897000,116.5557200,31.0
40.03895000,116.5557700,31.0
40.03892000,116.5558200,30.0
40.03890000,116.5558600,30.0
40.03887000,116.5559100,31.0
40.03885000,116.5559600,31.0
40.03882000,116.5560000,31.0
40.03879000,116.5560500,31.0
40.03876000,116.5560900,31.0
40.03873000,116.5561400,31.0
40.03870000,116.5561700,31.0
40.03866000,116.5562100,32.0
40.03863000,116.5562500,32.0
40.03859000,116.5562900,32.0
40.03855000,116.5563200,32.0
40.03851000,116.5563600,33.0
40.03847000,116.5564000,33.0
40.03843000,116.5564300,33.0
40.03839000,116.5564700,33.0
40.03835000,116.5565000,34.0
40.03832000,116.5565400,34.0
40.03828000,116.5565800,34.0
40.03825000,116.5566200,33.0
40.03822000,116.5566600,33.0
40.03819000,116.5567100,33.0
40.03816000,116.5567500,34.0
40.03813000,116.5568000,34.0
40.03810000,116.5568400,34.0
40.03807000,116.5568800,35.0
40.03804000,116.5569300,36.0
40.03801000,116.5569800,36.0
40.03798000,116.5570300,36.0
40.03795000,116.5570700,36.0
40.03792000,116.5571200,36.0
40.03789000,116.5571700,37.0
40.03785000,116.5572200,37.0
40.03782000,116.5572700,37.0
40.03779000,116.5573200,37.0
40.03775000,116.5573700,37.0
40.03772000,116.5574200,36.0
40.03769000,116.5574600,36.0
40.03765000,116.5575100,36.0
40.03762000,116.5575500,36.0
40.03759000,116.5576000,36.0
40.03756000,116.5576400,36.0
40.03753000,116.5576900,35.0
40.03749000,116.5577400,35.0
40.03746000,116.5577800,34.0
40.03742000,116.5578300,34.0
40.03740000,116.5578700,33.0
40.03737000,116.5579100,33.0
40.03734000,116.5579500,33.0
40.03731000,116.5580000,33.0
40.03728000,116.5580400,33.0
40.03726000,116.5580900,33.0
40.03723000,116.5581400,33.0
40.03720000,116.5581900,33.0
40.03718000,116.5582400,32.0
40.03715000,116.5582800,32.0
40.03712000,116.5583300,32.0
40.03709000,116.5583700,31.0
40.03706000,116.5584100,31.0
40.03702000,116.5584500,30.0
40.03699000,116.5584900,30.0
40.03696000,116.5585300,30.0
40.03692000,116.5585700,30.0
40.03688000,116.5586000,30.0
40.03685000,116.5586300,30.0
40.03681000,116.5586700,30.0
40.03677000,116.5587000,31.0
40.03673000,116.5587300,31.0
40.03670000,116.5587500,32.0
40.03666000,116.5587700,33.0
40.03663000,116.5588100,33.0
40.03659000,116.5588500,33.0
40.03657000,116.5588900,34.0
40.03654000,116.5589300,34.0
40.03652000,116.5589900,34.0
40.03651000,116.5590500,34.0
40.03648000,116.5591200,34.0
40.03646000,116.5591800,34.0
40.03643000,116.5592500,35.0
40.03641000,116.5593000,35.0
40.03639000,116.5593200,35.0
40.03637000,116.5593400,35.0
40.03633000,116.5593800,35.0
40.03630000,116.5594000,35.0
40.03627000,116.5594100,34.0
40.03622000,116.5594200,34.0
40.03617000,116.5594200,33.0
40.03614000,116.5594200,33.0
40.03611000,116.5594100,33.0
40.03608000,116.5594100,33.0
40.03605000,116.5594000,34.0
40.03602000,116.5594000,34.0
40.03599000,116.5593900,34.0
40.03594000,116.5593700,35.0
40.03590000,116.5593400,36.0
40.03585000,116.5593300,36.0
40.03582000,116.5593300,36.0
40.03579000,116.5593300,36.0
40.03577000,116.5593400,37.0
40.03574000,116.5593600,37.0
40.03571000,116.5593800,37.0
40.03570000,116.5594100,37.0
40.03568000,116.5594600,36.0
40.03568000,116.5595100,36.0
40.03568000,116.5595700,35.0
40.03570000,116.5596300,33.0
40.03572000,116.5596800,32.0
40.03574000,116.5597400,31.0
40.03576000,116.5598000,30.0
40.03578000,116.5598300,29.0
40.03580000,116.5598700,28.0
40.03581000,116.5599100,27.0
40.03583000,116.5599400,27.0
40.03583000,116.5599800,26.0
40.03583000,116.5600200,25.0
40.03583000,116.5600700,25.0
40.03582000,116.5601100,25.0
40.03580000,116.5601400,25.0
40.03577000,116.5601700,25.0
40.03573000,116.5601900,25.0
40.03570000,116.5602000,24.0
40.03566000,116.5602100,24.0
40.03562000,116.5602300,24.0
40.03558000,116.5602400,24.0
40.03554000,116.5602600,24.0
40.03550000,116.5602700,24.0
40.03546000,116.5602900,25.0
40.03542000,116.5603000,25.0
40.03538000,116.5603200,25.0
40.03534000,116.5603300,25.0
40.03530000,116.5603500,26.0
40.03526000,116.5603600,26.0
40.03522000,116.5603700,26.0
40.03518000,116.5603900,26.0
40.03515000,116.5604000,26.0
40.03511000,116.5604100,27.0
40.03507000,116.5604200,27.0
40.03503000,116.5604300,27.0
40.03499000,116.5604400,27.0
40.03495000,116.5604400,28.0
40.03491000,116.5604400,28.0
40.03487000,116.5604400,28.0
40.03483000,116.5604400,29.0
40.03479000,116.5604400,29.0
40.03475000,116.5604500,29.0
40.03471000,116.5604600,29.0
40.03467000,116.5604800,29.0
40.03462000,116.5605000,30.0
40.03458000,116.5605100,30.0
40.03454000,116.5605400,30.0
40.03450000,116.5605600,30.0
40.03446000,116.5605800,30.0
40.03442000,116.5606000,30.0
40.03437000,116.5606200,29.0
40.03433000,116.5606400,29.0
40.03429000,116.5606500,29.0
40.03425000,116.5606600,29.0
40.03421000,116.5606700,28.0
40.03416000,116.5606900,28.0
40.03412000,116.5607000,28.0
40.03408000,116.5607200,29.0
40.03404000,116.5607300,29.0
40.03400000,116.5607500,29.0
40.03395000,116.5607700,30.0
40.03391000,116.5607900,31.0
40.03387000,116.5608000,31.0
40.03383000,116.5608200,32.0
40.03379000,116.5608300,32.0
40.03374000,116.5608400,32.0
40.03370000,116.5608600,32.0
40.03367000,116.5608700,32.0
40.03363000,116.5608900,32.0
40.03360000,116.5609000,32.0
40.03356000,116.5609100,32.0
40.03352000,116.5609300,32.0
40.03349000,116.5609500,32.0
40.03345000,116.5609700,32.0
40.03342000,116.5610000,33.0
40.03338000,116.5610300,33.0
40.03336000,116.5610600,33.0
40.03335000,116.5611000,33.0
40.03335000,116.5611500,34.0
40.03335000,116.5612000,34.0
40.03336000,116.5612400,34.0
40.03337000,116.5612800,34.0
40.03339000,116.5613200,34.0
40.03339000,116.5613700,35.0
40.03339000,116.5614200,35.0
40.03339000,116.5614700,35.0
40.03338000,116.5615200,35.0
40.03337000,116.5615600,36.0
40.03336000,116.5616100,36.0
40.03334000,116.5616500,36.0
40.03331000,116.5616900,37.0
40.03329000,116.5617300,37.0
40.03326000,116.5617700,37.0
40.03324000,116.5618000,37.0
40.03321000,116.5618400,37.0
40.03319000,116.5618800,37.0
40.03317000,116.5619000,37.0
40.03314000,116.5619300,37.0
40.03308000,116.5619800,37.0
40.03304000,116.5620400,37.0
40.03300000,116.5621100,37.0
40.03293000,116.5622000,37.0
40.03287000,116.5622600,36.0
40.03284000,116.5622900,36.0
40.03281000,116.5623200,36.0
40.03278000,116.5623400,36.0
40.03274000,116.5623800,36.0
40.03271000,116.5624200,36.0
40.03268000,116.5624500,35.0
40.03266000,116.5624700,35.0
40.03262000,116.5625100,35.0
40.03259000,116.5625500,35.0
40.03257000,116.5625300,35.0
40.03259000,116.5624900,35.0
40.03262000,116.5624700,35.0
40.03263000,116.5624400,35.0
40.03263000,116.5624000,35.0
40.03261000,116.5623700,35.0
40.03258000,116.5623300,35.0
40.03255000,116.5622900,35.0
40.03253000,116.5622600,35.0
40.03250000,116.5622200,36.0
40.03248000,116.5621700,36.0
40.03245000,116.5621200,36.0
40.03243000,116.5620800,37.0
40.03240000,116.5620500,37.0
40.03236000,116.5620200,37.0
40.03233000,116.5619600,37.0
40.03231000,116.5619200,37.0
40.03228000,116.5618700,37.0
40.03227000,116.5618400,37.0
40.03225000,116.5618000,37.0
40.03223000,116.5617700,37.0
40.03221000,116.5617300,38.0
40.03220000,116.5617000,38.0
40.03218000,116.5616600,37.0
40.03217000,116.5616300,37.0
40.03212000,116.5616200,37.0
40.03207000,116.5616300,37.0
40.03205000,116.5616500,37.0
40.03201000,116.5616800,38.0
40.03199000,116.5617000,38.0
40.03199000,116.5617400,38.0
40.03202000,116.5617800,38.0
40.03204000,116.5618400,38.0
40.03206000,116.5618800,38.0
40.03208000,116.5619200,38.0
40.03209000,116.5619700,37.0
40.03210000,116.5620300,37.0
40.03211000,116.5620900,37.0
40.03213000,116.5621400,37.0
40.03216000,116.5622000,37.0
40.03218000,116.5622600,37.0
40.03221000,116.5622900,36.0
40.03224000,116.5623200,36.0
40.03227000,116.5623700,35.0
40.03229000,116.5624100,35.0
40.03230000,116.5624400,35.0
40.03232000,116.5624700,35.0
40.03233000,116.5625000,35.0
40.03234000,116.5625300,34.0
40.03234000,116.5626000,34.0
40.03234000,116.5626500,34.0
40.03230000,116.5626900,34.0
40.03228000,116.5627100,34.0
40.03224000,116.5627300,34.0
40.03221000,116.5627600,34.0
40.03217000,116.5627800,33.0
40.03212000,116.5628100,33.0
40.03208000,116.5628300,32.0
40.03204000,116.5628600,32.0
40.03201000,116.5628800,32.0
40.03197000,116.5629000,31.0
40.03193000,116.5629200,31.0
40.03190000,116.5629400,31.0
40.03187000,116.5629600,31.0
40.03183000,116.5629800,31.0
40.03180000,116.5630000,31.0
40.03178000,116.5630200,31.0
40.03175000,116.5630400,30.0
40.03172000,116.5630600,30.0
40.03170000,116.5630800,30.0
40.03167000,116.5631000,30.0
40.03164000,116.5631100,30.0
40.03162000,116.5631300,30.0
40.03158000,116.5631700,30.0
40.03155000,116.5632100,30.0
40.03152000,116.5632400,30.0
40.03148000,116.5632500,30.0
40.03144000,116.5632600,30.0
40.03141000,116.5632400,30.0
40.03138000,116.5632200,31.0
40.03136000,116.5632000,32.0
40.03135000,116.5631700,32.0
40.03137000,116.5631400,33.0
40.03139000,116.5631100,33.0
40.03141000,116.5630900,34.0
40.03143000,116.5630600,34.0
40.03145000,116.5630200,34.0
40.03145000,116.5629900,34.0
40.03146000,116.5629500,35.0
40.03148000,116.5629800,34.0
40.03149000,116.5630200,33.0
40.03151000,116.5630600,33.0
40.03153000,116.5631200,31.0
40.03154000,116.5631500,31.0
40.03155000,116.5631900,30.0
40.03156000,116.5632300,29.0
40.03158000,116.5632600,29.0
40.03160000,116.5633000,28.0
40.03161000,116.5633400,28.0
40.03163000,116.5633800,27.0
40.03164000,116.5634200,27.0
40.03166000,116.5634600,27.0
40.03168000,116.5635100,26.0
40.03169000,116.5635500,26.0
40.03171000,116.5635900,26.0
40.03172000,116.5636300,25.0
40.03173000,116.5636800,25.0
40.03174000,116.5637100,25.0
40.03176000,116.5637500,25.0
40.03177000,116.5637900,25.0
40.03179000,116.5638300,25.0
40.03180000,116.5638800,25.0
40.03182000,116.5639200,25.0
40.03183000,116.5639700,25.0
40.03185000,116.5640200,25.0
40.03187000,116.5640700,25.0
40.03189000,116.5641200,25.0
40.03190000,116.5641600,25.0
40.03192000,116.5642100,25.0
40.03194000,116.5642600,25.0
40.03195000,116.5643100,25.0
40.03197000,116.5643600,25.0
40.03199000,116.5644100,26.0
40.03201000,116.5644600,26.0
40.03203000,116.5645200,27.0
40.03205000,116.5645700,27.0
40.03206000,116.5646200,28.0
40.03208000,116.5646700,28.0
40.03210000,116.5647200,28.0
40.03212000,116.5647800,29.0
40.03214000,116.5648300,30.0
40.03216000,116.5648800,31.0
40.03218000,116.5649300,32.0
40.03220000,116.5649800,33.0
40.03222000,116.5650300,34.0
40.03223000,116.5650800,34.0
40.03225000,116.5651300,35.0
40.03227000,116.5651900,36.0
40.03229000,116.5652400,37.0
40.03230000,116.5652900,37.0
40.03232000,116.5653400,38.0
40.03234000,116.5653900,38.0
40.03236000,116.5654400,39.0
40.03237000,116.5654900,39.0
40.03239000,116.5655400,39.0
40.03241000,116.5655900,40.0
40.03243000,116.5656500,40.0
40.03245000,116.5657000,41.0
40.03246000,116.5657500,41.0
40.03248000,116.5658000,41.0
40.03250000,116.5658500,41.0
40.03252000,116.5659000,41.0
40.03253000,116.5659500,41.0
40.03255000,116.5659900,41.0
40.03257000,116.5660400,41.0
40.03259000,116.5660800,41.0
40.03261000,116.5661300,41.0
40.03263000,116.5661800,40.0
40.03265000,116.5662300,40.0
40.03267000,116.5662700,39.0
40.03268000,116.5663100,39.0
40.03270000,116.5663400,39.0
40.03272000,116.5663900,38.0
40.03275000,116.5664000,38.0
40.03278000,116.5663800,37.0
40.03280000,116.5663600,37.0
40.03282000,116.5663300,37.0
40.03285000,116.5663100,36.0
40.03288000,116.5662900,36.0
40.03292000,116.5662600,35.0
40.03295000,116.5662400,34.0
40.03299000,116.5662100,33.0
40.03302000,116.5661800,32.0
40.03306000,116.5661500,31.0
40.03310000,116.5661300,31.0
40.03314000,116.5661000,31.0
40.03318000,116.5660700,32.0
40.03321000,116.5660400,32.0
40.03325000,116.5660200,32.0
40.03329000,116.5659900,32.0
40.03333000,116.5659700,32.0
40.03338000,116.5659400,32.0
40.03342000,116.5659200,32.0
40.03346000,116.5658900,32.0
40.03350000,116.5658700,32.0
40.03355000,116.5658400,32.0
40.03360000,116.5658200,33.0
40.03365000,116.5658100,32.0
40.03370000,116.5658000,32.0
40.03375000,116.5657900,31.0
40.03380000,116.5657800,31.0
40.03385000,116.5657800,30.0
40.03391000,116.5657600,30.0
40.03396000,116.5657500,30.0
40.03402000,116.5657300,30.0
40.03407000,116.5657000,30.0
40.03412000,116.5656800,30.0
40.03417000,116.5656400,30.0
40.03422000,116.5656100,30.0
40.03427000,116.5655700,30.0
40.03432000,116.5655300,31.0
40.03437000,116.5654800,31.0
40.03442000,116.5654400,31.0
40.03447000,116.5654000,31.0
40.03451000,116.5653500,31.0
40.03455000,116.5653100,31.0
40.03458000,116.5652700,31.0
40.03464000,116.5652100,31.0
40.03469000,116.5651900,31.0
40.03476000,116.5651200,32.0
40.03481000,116.5650700,32.0
40.03486000,116.5650400,33.0
40.03491000,116.5650300,33.0
40.03496000,116.5650000,33.0
40.03501000,116.5649700,33.0
40.03506000,116.5649100,33.0
40.03510000,116.5648400,33.0
40.03515000,116.5647700,32.0
40.03518000,116.5647100,32.0
40.03521000,116.5646600,31.0
40.03523000,116.5646000,31.0
40.03526000,116.5645600,30.0
40.03527000,116.5645100,30.0
40.03529000,116.5644600,30.0
40.03531000,116.5644100,30.0
40.03533000,116.5643700,30.0
40.03536000,116.5643200,30.0
40.03539000,116.5642600,30.0
40.03541000,116.5642100,30.0
40.03544000,116.5641700,31.0
40.03547000,116.5641300,31.0
40.03551000,116.5640900,31.0
40.03555000,116.5640500,31.0
40.03558000,116.5640200,32.0
40.03562000,116.5639900,32.0
40.03565000,116.5639500,32.0
40.03568000,116.5639200,32.0
40.03571000,116.5638800,33.0
40.03575000,116.5638500,33.0
40.03578000,116.5638200,33.0
40.03581000,116.5638000,33.0
40.03584000,116.5637700,33.0
40.03587000,116.5637500,33.0
40.03590000,116.5637400,33.0
40.03593000,116.5637400,33.0
40.03597000,116.5637400,33.0
40.03601000,116.5637500,33.0
40.03604000,116.5637700,33.0
40.03608000,116.5637900,34.0
40.03612000,116.5638200,34.0
40.03615000,116.5638400,34.0
40.03618000,116.5638400,34.0
40.03622000,116.5638400,34.0
40.03625000,116.5638300,34.0
40.03628000,116.5638000,33.0
40.03631000,116.5637800,33.0
40.03634000,116.5637600,33.0
40.03638000,116.5637400,33.0
40.03641000,116.5637300,33.0
40.03645000,116.5637100,33.0
40.03648000,116.5636900,32.0
40.03651000,116.5636600,32.0
40.03655000,116.5636300,32.0
40.03658000,116.5635900,32.0
40.03662000,116.5635600,31.0
40.03665000,116.5635300,31.0
40.03669000,116.5634900,31.0
40.03673000,116.5634600,30.0
40.03677000,116.5634200,30.0
40.03681000,116.5633900,30.0
40.03685000,116.5633600,29.0
40.03689000,116.5633300,29.0
40.03693000,116.5633000,29.0
40.03696000,116.5632600,28.0
40.03700000,116.5632300,28.0
40.03703000,116.5632000,28.0
40.03707000,116.5631600,28.0
40.03710000,116.5631300,27.0
40.03714000,116.5631000,27.0
40.03717000,116.5630700,27.0
40.03720000,116.5630400,27.0
40.03724000,116.5630100,26.0
40.03727000,116.5629700,26.0
40.03731000,116.5629400,25.0
40.03734000,116.5629100,25.0
40.03738000,116.5628800,25.0
40.03741000,116.5628500,24.0
40.03745000,116.5628200,24.0
40.03748000,116.5627800,24.0
40.03752000,116.5627500,23.0
40.03755000,116.5627200,23.0
40.03759000,116.5626900,23.0
40.03762000,116.5626500,23.0
40.03766000,116.5626200,24.0
40.03769000,116.5625900,24.0
40.03773000,116.5625600,24.0
40.03776000,116.5625300,24.0
40.03780000,116.5625100,25.0
40.03783000,116.5624800,25.0
40.03786000,116.5624400,26.0
40.03790000,116.5624100,26.0
40.03794000,116.5623800,27.0
40.03797000,116.5623500,27.0
40.03801000,116.5623200,27.0
40.03804000,116.5622900,28.0
40.03808000,116.5622600,28.0
40.03811000,116.5622200,29.0
40.03815000,116.5621900,29.0
40.03819000,116.5621600,30.0
40.03823000,116.5621200,30.0
40.03826000,116.5620900,30.0
40.03830000,116.5620500,31.0
40.03833000,116.5620200,31.0
40.03837000,116.5619800,31.0
40.03840000,116.5619500,31.0
40.03844000,116.5619100,32.0
40.03847000,116.5618700,32.0
40.03850000,116.5618300,32.0
40.03853000,116.5617900,32.0
40.03856000,116.5617500,32.0
40.03860000,116.5617200,32.0
40.03862000,116.5616700,32.0
40.03865000,116.5616300,32.0
40.03868000,116.5615900,32.0
40.03871000,116.5615500,32.0
40.03873000,116.5615100,31.0
40.03876000,116.5614700,31.0
40.03879000,116.5614300,31.0
40.03882000,116.5613900,31.0
40.03885000,116.5613500,30.0
40.03887000,116.5613100,30.0
40.03890000,116.5612700,29.0
40.03893000,116.5612300,29.0
40.03895000,116.5611900,28.0
40.03898000,116.5611500,28.0
40.03900000,116.5611100,27.0
40.03903000,116.5610700,27.0
40.03906000,116.5610400,27.0
40.03908000,116.5610000,27.0
40.03911000,116.5609600,26.0
40.03913000,116.5609200,26.0
40.03916000,116.5608800,26.0
40.03918000,116.5608400,27.0
40.03921000,116.5608000,27.0
40.03923000,116.5607600,27.0
40.03926000,116.5607200,28.0
40.03928000,116.5606800,28.0
40.03931000,116.5606500,28.0
40.03933000,116.5606100,29.0
40.03936000,116.5605700,29.0
40.03938000,116.5605300,29.0
40.03941000,116.5604900,29.0
40.03944000,116.5604600,29.0
40.03947000,116.5604300,30.0
40.03950000,116.5604000,30.0
40.03954000,116.5603700,30.0
40.03957000,116.5603400,30.0
40.03960000,116.5603100,30.0
40.03963000,116.5602800,30.0
40.03965000,116.5602500,29.0
40.03968000,116.5602200,29.0
40.03971000,116.5601900,29.0
40.03974000,116.5601600,29.0
40.03977000,116.5601300,29.0
40.03981000,116.5601000,29.0
40.03984000,116.5600700,29.0
40.03987000,116.5600500,29.0
40.03990000,116.5600200,29.0
40.03993000,116.5599900,29.0
40.03996000,116.5599600,29.0
40.03999000,116.5599300,28.0
40.04002000,116.5599000,28.0
40.04005000,116.5598700,28.0
40.04008000,116.5598400,27.0
40.04011000,116.5598000,27.0
40.04013000,116.5597600,27.0
40.04016000,116.5597300,26.0
40.04019000,116.5596900,26.0
40.04022000,116.5596600,26.0
40.04025000,116.5596200,25.0
40.04028000,116.5595900,25.0
40.04030000,116.5595500,24.0
40.04033000,116.5595100,24.0
40.04036000,116.5594800,24.0
40.04038000,116.5594400,24.0
40.04041000,116.5594000,24.0
40.04043000,116.5593600,24.0
40.04046000,116.5593200,24.0
40.04048000,116.5592800,24.0
40.04051000,116.5592400,24.0
40.04053000,116.5592100,24.0
40.04056000,116.5591700,25.0
40.04059000,116.5591300,25.0
40.04061000,116.5590900,26.0
40.04064000,116.5590600,26.0
40.04067000,116.5590200,27.0
40.04069000,116.5589800,27.0
40.04072000,116.5589400,28.0
40.04074000,116.5589000,28.0
40.04077000,116.5588600,28.0
40.04079000,116.5588300,28.0
40.04082000,116.5587800,28.0
40.04084000,116.5587400,28.0
40.04086000,116.5587000,28.0
40.04089000,116.5586600,28.0
40.04091000,116.5586200,28.0
40.04094000,116.5585900,28.0
40.04097000,116.5585500,27.0
40.04099000,116.5585100,27.0
40.04102000,116.5584700,27.0
40.04105000,116.5584300,27.0
40.04107000,116.5583900,27.0
40.04110000,116.5583500,27.0
40.04113000,116.5583100,27.0
40.04116000,116.5582700,27.0
40.04118000,116.5582300,27.0
40.04121000,116.5581900,28.0
40.04124000,116.5581500,28.0
40.04127000,116.5581100,28.0
40.04129000,116.5580600,28.0
40.04132000,116.5580200,29.0
40.04135000,116.5579800,29.0
40.04137000,116.5579400,29.0
40.04140000,116.5579000,29.0
40.04142000,116.5578700,29.0
40.04145000,116.5578300,30.0
40.04148000,116.5577900,30.0
40.04150000,116.5577600,30.0
40.04153000,116.5577200,30.0
40.04156000,116.5576700,30.0
40.04158000,116.5576300,31.0
40.04161000,116.5575900,31.0
40.04164000,116.5575500,31.0
40.04167000,116.5575100,31.0
40.04169000,116.5574700,30.0
40.04172000,116.5574300,30.0
40.04175000,116.5573900,30.0
40.04178000,116.5573500,30.0
40.04181000,116.5573100,29.0
40.04184000,116.5572600,29.0
40.04187000,116.5572100,29.0
40.04190000,116.5571600,28.0
40.04193000,116.5571000,28.0
40.04196000,116.5570500,28.0
40.04200000,116.5570000,28.0
40.04204000,116.5569500,28.0
40.04207000,116.5569000,27.0
40.04211000,116.5568500,27.0
40.04215000,116.5568000,27.0
40.04219000,116.5567400,27.0
40.04223000,116.5566800,27.0
40.04227000,116.5566200,26.0
40.04230000,116.5565700,26.0
40.04234000,116.5565200,26.0
40.04238000,116.5564600,26.0
40.04241000,116.5564000,26.0
40.04245000,116.5563500,26.0
40.04249000,116.5562900,26.0
40.04253000,116.5562300,25.0
40.04256000,116.5561700,25.0
40.04260000,116.5561100,25.0
40.04263000,116.5560500,25.0
40.04266000,116.5559900,25.0
40.04269000,116.5559300,24.0
40.04272000,116.5558800,24.0
40.04275000,116.5558300,24.0
40.04278000,116.5557800,24.0
40.04280000,116.5557300,24.0
40.04283000,116.5556700,25.0
40.04286000,116.5556200,25.0
40.04289000,116.5555800,25.0
40.04291000,116.5555200,25.0
40.04294000,116.5554700,26.0
40.04297000,116.5554200,26.0
40.04300000,116.5553600,26.0
40.04303000,116.5553000,26.0
40.04305000,116.5552500,27.0
40.04308000,116.5551900,27.0
40.04311000,116.5551300,27.0
40.04314000,116.5550700,27.0
40.04318000,116.5550100,27.0
40.04321000,116.5549500,27.0
40.04325000,116.5548900,27.0
40.04329000,116.5548200,27.0
40.04332000,116.5547500,27.0
40.04336000,116.5546800,27.0
40.04340000,116.5546000,27.0
40.04343000,116.5545200,27.0
40.04347000,116.5544400,27.0
40.04351000,116.5543600,27.0
40.04355000,116.5542800,28.0
40.04358000,116.5542000,28.0
40.04363000,116.5541300,27.0
40.04366000,116.5540500,27.0
40.04370000,116.5539700,27.0
40.04374000,116.5539000,27.0
40.04378000,116.5538200,27.0
40.04381000,116.5537500,26.0
40.04385000,116.5536800,26.0
40.04388000,116.5536100,26.0
40.04392000,116.5535300,27.0
40.04395000,116.5534600,27.0
40.04398000,116.5533900,27.0
40.04400000,116.5533200,27.0
40.04403000,116.5532500,27.0
40.04407000,116.5531900,27.0
40.04410000,116.5531200,27.0
40.04414000,116.5530600,27.0
40.04417000,116.5530000,26.0
40.04420000,116.5529400,26.0
40.04423000,116.5528800,26.0
40.04427000,116.5528200,26.0
40.04430000,116.5527600,26.0
40.04434000,116.5526900,26.0
40.04437000,116.5526300,25.0
40.04441000,116.5525700,25.0
40.04444000,116.5525100,25.0
40.04447000,116.5524500,25.0
40.04450000,116.5523900,25.0
40.04452000,116.5523300,26.0
40.04455000,116.5522800,26.0
40.04458000,116.5522600,26.0
40.04462000,116.5522500,26.0
40.04467000,116.5522500,26.0
40.04471000,116.5522600,26.0
40.04474000,116.5522800,26.0
40.04478000,116.5523100,26.0
40.04482000,116.5523500,27.0
40.04484000,116.5523900,27.0
40.04487000,116.5524400,27.0
40.04489000,116.5524900,27.0
40.04491000,116.5525300,27.0
40.04494000,116.5525700,27.0
40.04497000,116.5526100,27.0
40.04500000,116.5526500,27.0
40.04503000,116.5526800,27.0
40.04506000,116.5527100,27.0
40.04509000,116.5527500,27.0
40.04512000,116.5527800,27.0
40.04516000,116.5528100,28.0
40.04519000,116.5528400,28.0
40.04522000,116.5528700,28.0
40.04525000,116.5529100,28.0
40.04528000,116.5529400,29.0
40.04531000,116.5529800,29.0
40.04534000,116.5530100,29.0
40.04537000,116.5530400,29.0
40.04541000,116.5530700,30.0
40.04544000,116.5531000,30.0
40.04547000,116.5531400,31.0
40.04551000,116.5531800,31.0
40.04554000,116.5532300,32.0
40.04556000,116.5532700,33.0
40.04559000,116.5533100,33.0
40.04562000,116.5533500,33.0
40.04565000,116.5533800,33.0
40.04568000,116.5534100,33.0
40.04571000,116.5534400,33.0
40.04574000,116.5534800,33.0
40.04577000,116.5535100,33.0
40.04579000,116.5535400,33.0
40.04582000,116.5535700,33.0
40.04585000,116.5536100,32.0
40.04589000,116.5536400,32.0
40.04591000,116.5536800,31.0
40.04594000,116.5537100,31.0
40.04598000,116.5537400,30.0
40.04601000,116.5537700,30.0
40.04604000,116.5538100,29.0
40.04607000,116.5538400,29.0
40.04611000,116.5538700,29.0
40.04614000,116.5539000,28.0
40.04617000,116.5539400,28.0
40.04620000,116.5539800,28.0
40.04623000,116.5540100,27.0
40.04626000,116.5540500,27.0
40.04629000,116.5540800,26.0
40.04632000,116.5541200,26.0
40.04634000,116.5541500,26.0
40.04636000,116.5541800,25.0
40.04638000,116.5542200,25.0
40.04641000,116.5542600,25.0
40.04644000,116.5543000,26.0
40.04647000,116.5543300,26.0
40.04650000,116.5543600,26.0
40.04653000,116.5543900,27.0
40.04656000,116.5544200,27.0
40.04659000,116.5544500,27.0
40.04663000,116.5544800,28.0
40.04666000,116.5545200,27.0
40.04669000,116.5545500,27.0
40.04672000,116.5545800,27.0
40.04676000,116.5546100,27.0
40.04679000,116.5546500,26.0
40.04682000,116.5546900,26.0
40.04685000,116.5547200,26.0
40.04688000,116.5547600,26.0
40.04691000,116.5547900,26.0
40.04694000,116.5548200,25.0
40.04697000,116.5548500,25.0
40.04700000,116.5548800,25.0
40.04703000,116.5549100,24.0
40.04707000,116.5549400,24.0
40.04709000,116.5549800,24.0
40.04712000,116.5550200,24.0
40.04714000,116.5550500,24.0
40.04717000,116.5550900,24.0
40.04720000,116.5551200,24.0
40.04723000,116.5551600,24.0
40.04726000,116.5551800,24.0
40.04728000,116.5552200,24.0
40.04731000,116.5552500,24.0
40.04734000,116.5552900,25.0
40.04738000,116.5553300,25.0
40.04742000,116.5553600,25.0
40.04745000,116.5553900,26.0
40.04748000,116.5554200,26.0
40.04751000,116.5554400,26.0
40.04753000,116.5554700,26.0
40.04755000,116.5554900,26.0
40.04758000,116.5555200,27.0
40.04760000,116.5555500,27.0
40.04762000,116.5555800,27.0
40.04764000,116.5556000,27.0
40.04766000,116.5556300,27.0
40.04770000,116.5556700,28.0
40.04773000,116.5556900,28.0
40.04775000,116.5557100,28.0
40.04777000,116.5557300,28.0
40.04781000,116.5557800,28.0
40.04784000,116.5558400,28.0
40.04785000,116.5558700,28.0
40.04788000,116.5559200,28.0
40.04793000,116.5559700,28.0
40.04795000,116.5559900,28.0
40.04797000,116.5560200,28.0
40.04799000,116.5560500,28.0
40.04801000,116.5560800,28.0
40.04803000,116.5561000,28.0
40.04806000,116.5561300,27.0
40.04809000,116.5561600,27.0
40.04812000,116.5561800,27.0
40.04815000,116.5562100,27.0
40.04817000,116.5562400,27.0
40.04820000,116.5562700,26.0
40.04823000,116.5563100,26.0
40.04825000,116.5563400,26.0
40.04828000,116.5563700,26.0
40.04831000,116.5564000,25.0
40.04833000,116.5564200,25.0
40.04836000,116.5564500,25.0
40.04838000,116.5564800,25.0
40.04841000,116.5565000,25.0
40.04843000,116.5565300,26.0
40.04845000,116.5565500,26.0
40.04847000,116.5565700,26.0
40.04850000,116.5566000,26.0
40.04852000,116.5566200,26.0
40.04854000,116.5566400,26.0
40.04856000,116.5566700,26.0
40.04860000,116.5567100,26.0
40.04863000,116.5567500,26.0
40.04867000,116.5567900,26.0
40.04871000,116.5568200,26.0
40.04875000,116.5568700,26.0
40.04877000,116.5568900,26.0
40.04879000,116.5569100,26.0
40.04881000,116.5569400,26.0
40.04884000,116.5569600,25.0
40.04886000,116.5569800,25.0
40.04888000,116.5570100,25.0
40.04891000,116.5570300,25.0
40.04893000,116.5570600,25.0
40.04896000,116.5570900,25.0
40.04898000,116.5571100,25.0
40.04901000,116.5571400,25.0
40.04904000,116.5571700,25.0
40.04908000,116.5572000,25.0
40.04911000,116.5572300,25.0
40.04914000,116.5572600,25.0
40.04917000,116.5572900,25.0
40.04920000,116.5573200,25.0
40.04922000,116.5573500,26.0
40.04925000,116.5573900,26.0
40.04928000,116.5574300,26.0
40.04931000,116.5574700,26.0
40.04935000,116.5575000,26.0
40.04938000,116.5575400,27.0
40.04941000,116.5575800,27.0
40.04944000,116.5576200,27.0
40.04947000,116.5576500,28.0
40.04950000,116.5576900,28.0
40.04954000,116.5577200,28.0
40.04957000,116.5577600,28.0
40.04960000,116.5577900,29.0
40.04963000,116.5578300,29.0
40.04966000,116.5578700,29.0
40.04969000,116.5579000,29.0
40.04972000,116.5579400,29.0
40.04975000,116.5579700,29.0
40.04978000,116.5580100,29.0
40.04982000,116.5580500,29.0
40.04985000,116.5580800,30.0
40.04988000,116.5581100,30.0
40.04992000,116.5581400,30.0
40.04994000,116.5581800,30.0
40.04997000,116.5582100,30.0
40.05001000,116.5582500,29.0
40.05004000,116.5582900,29.0
40.05008000,116.5583300,29.0
40.05011000,116.5583800,29.0
40.05015000,116.5584200,28.0
40.05018000,116.5584600,28.0
40.05021000,116.5584900,28.0
40.05024000,116.5585300,28.0
40.05026000,116.5585600,28.0
40.05029000,116.5585800,27.0
40.05031000,116.5586100,27.0
40.05034000,116.5586300,27.0
40.05037000,116.5586600,27.0
40.05041000,116.5586700,27.0
40.05044000,116.5586600,27.0
40.05048000,116.5586500,27.0
40.05051000,116.5586400,27.0
40.05053000,116.5586200,27.0
40.05057000,116.5585900,27.0
40.05060000,116.5585500,27.0
40.05063000,116.5585000,27.0
40.05066000,116.5584800,27.0
40.05069000,116.5584600,27.0
40.05072000,116.5584500,27.0
40.05075000,116.5584300,27.0
40.05078000,116.5584100,27.0
40.05081000,116.5583900,27.0
40.05084000,116.5583600,27.0
40.05086000,116.5583300,27.0
40.05089000,116.5582900,27.0
40.05091000,116.5582500,27.0
40.05094000,116.5582100,27.0
40.05096000,116.5581700,27.0
40.05099000,116.5581300,27.0
40.05101000,116.5580900,27.0
40.05104000,116.5580500,27.0
40.05106000,116.5580100,27.0
40.05109000,116.5579700,26.0
40.05111000,116.5579400,26.0
40.05113000,116.5579000,26.0
40.05116000,116.5578600,26.0
40.05118000,116.5578200,26.0
40.05120000,116.5577800,26.0
40.05122000,116.5577500,26.0
40.05124000,116.5577100,26.0
40.05127000,116.5576800,26.0
40.05129000,116.5576400,26.0
40.05132000,116.5576100,26.0
40.05134000,116.5575700,26.0
40.05137000,116.5575300,26.0
40.05140000,116.5574900,26.0
40.05142000,116.5574500,26.0
40.05145000,116.5574100,26.0
40.05147000,116.5573700,26.0
40.05150000,116.5573300,26.0
40.05152000,116.5572900,26.0
40.05155000,116.5572500,26.0
40.05157000,116.5572100,26.0
40.05160000,116.5571700,26.0
40.05162000,116.5571300,27.0
40.05164000,116.5570900,27.0
40.05166000,116.5570500,27.0
40.05169000,116.5570200,27.0
40.05171000,116.5569900,27.0
40.05174000,116.5569800,28.0
40.05177000,116.5569800,28.0
40.05180000,116.5569800,28.0
40.05183000,116.5569800,28.0
40.05186000,116.5569900,28.0
40.05191000,116.5569900,28.0
40.05195000,116.5569800,28.0
40.05199000,116.5569400,29.0
40.05202000,116.5569000,29.0
40.05205000,116.5568500,29.0
40.05208000,116.5568000,29.0
40.05211000,116.5567700,29.0
40.05213000,116.5567700,29.0
40.05216000,116.5567800,29.0
40.05219000,116.5567600,29.0
40.05222000,116.5567500,29.0
40.05225000,116.5567500,29.0
40.05228000,116.5567500,29.0
40.05231000,116.5567300,29.0
40.05233000,116.5567000,29.0
40.05235000,116.5566700,29.0
40.05235000,116.5566200,29.0
40.05236000,116.5565800,29.0
40.05233000,116.5566000,29.0
40.05237000,116.5566200,29.0
40.05236000,116.5565800,29.0
40.05237000,116.5566200,29.0
40.05240000,116.5566400,29.0
40.05242000,116.5566700,29.0
40.05221000,116.5567200,29.0
40.05233000,116.5565600,29.0
40.05238000,116.5566300,29.0
40.05237000,116.5566900,29.0
40.05237000,116.5567400,29.0
