Latitude,Longitude,Elevation
52.54261000,13.40801000,49.0
52.54265000,13.40746000,52.0
52.54306000,13.40723000,52.0
52.54356000,13.40697000,51.0
52.54384000,13.40683000,50.0
52.54411000,13.40668000,50.0
52.54422000,13.40665000,50.0
52.54512000,13.40621000,50.0
52.54554000,13.40600000,50.0
52.54562000,13.40597000,50.0
52.54559000,13.40586000,50.0
52.54567000,13.40583000,51.0
52.54590000,13.40531000,50.0
52.54596000,13.40508000,50.0
52.54599000,13.40499000,49.0
52.54628000,13.40445000,49.0
52.54646000,13.40413000,50.0
52.54637000,13.40370000,49.0
52.54631000,13.40339000,49.0
52.54629000,13.40323000,48.0
52.54626000,13.40305000,47.0
52.54653000,13.40290000,49.0
52.54657000,13.40288000,50.0
52.54663000,13.40286000,51.0
52.54674000,13.40286000,52.0
52.54675000,13.40286000,52.0
52.54666000,13.40183000,48.0
52.54662000,13.40143000,48.0
52.54660000,13.40126000,48.0
52.54681000,13.40118000,50.0
52.54748000,13.40089000,49.0
52.54757000,13.40085000,49.0
52.54837000,13.40054000,48.0
52.54838000,13.40054000,48.0
52.54862000,13.40044000,47.0
52.54868000,13.40042000,47.0
52.54873000,13.40041000,46.0
52.54878000,13.40040000,46.0
52.54901000,13.40034000,45.0
52.54907000,13.40035000,45.0
52.54908000,13.40035000,45.0
52.55016000,13.39991000,43.0
52.55095000,13.39960000,44.0
52.55103000,13.39957000,44.0
52.55107000,13.40004000,45.0
52.55108000,13.40010000,46.0
52.55110000,13.40027000,47.0
52.55120000,13.40021000,48.0
52.55124000,13.40020000,49.0
52.55125000,13.40022000,49.0
52.55124000,13.40030000,50.0
52.55131000,13.40026000,50.0
52.55153000,13.40009000,51.0
52.55161000,13.39996000,51.0
52.55188000,13.39982000,50.0
52.55242000,13.39957000,51.0
52.55265000,13.39946000,52.0
52.55356000,13.39918000,47.0
52.55366000,13.39914000,47.0
52.55439000,13.39894000,50.0
52.55447000,13.39893000,51.0
52.55479000,13.39884000,50.0
52.55497000,13.39872000,49.0
52.55546000,13.39862000,47.0
52.55653000,13.39857000,44.0
52.55713000,13.39863000,45.0
52.55833000,13.39906000,43.0
52.55851000,13.39903000,42.0
52.55853000,13.39884000,42.0
52.55854000,13.39879000,42.0
52.55857000,13.39856000,43.0
52.55857000,13.39846000,43.0
52.55865000,13.39794000,44.0
52.55863000,13.39780000,44.0
52.55858000,13.39763000,45.0
52.55836000,13.39712000,46.0
52.55825000,13.39689000,46.0
52.55799000,13.39646000,45.0
52.55790000,13.39635000,46.0
52.55779000,13.39622000,46.0
52.55760000,13.39589000,46.0
52.55773000,13.39569000,46.0
52.55785000,13.39550000,45.0
52.55801000,13.39572000,43.0
52.55819000,13.39593000,43.0
52.55865000,13.39629000,46.0
52.55925000,13.39654000,47.0
52.55977000,13.39655000,48.0
52.56023000,13.39633000,48.0
52.56077000,13.39593000,47.0
52.56111000,13.39567000,45.0
52.56144000,13.39542000,45.0
52.56178000,13.39517000,46.0
52.56194000,13.39505000,46.0
52.56212000,13.39492000,45.0
52.56238000,13.39473000,46.0
52.56324000,13.39375000,49.0
52.56341000,13.39356000,49.0
52.56363000,13.39331000,49.0
52.56417000,13.39270000,48.0
52.56425000,13.39284000,48.0
52.56435000,13.39302000,47.0
52.56438000,13.39309000,46.0
52.56444000,13.39321000,45.0
52.56467000,13.39362000,43.0
52.56477000,13.39350000,43.0
52.56490000,13.39338000,43.0
52.56497000,13.39348000,43.0
52.56509000,13.39330000,44.0
52.56541000,13.39278000,45.0
52.56584000,13.39214000,44.0
52.56604000,13.39144000,43.0
52.56629000,13.39121000,43.0
52.56646000,13.39093000,43.0
52.56660000,13.39065000,43.0
52.56664000,13.39056000,43.0
52.56682000,13.39036000,43.0
52.56703000,13.39030000,43.0
52.56728000,13.38993000,42.0
52.56737000,13.38982000,42.0
52.56746000,13.38975000,42.0
52.56766000,13.39029000,43.0
52.56772000,13.39049000,46.0
52.56778000,13.39068000,46.0
52.56817000,13.39082000,40.0
52.56835000,13.39049000,38.0
52.56857000,13.39010000,39.0
52.56860000,13.39004000,39.0
52.56870000,13.38986000,38.0
52.56878000,13.38989000,37.0
52.56898000,13.38957000,35.0
52.56933000,13.38903000,39.0
52.56949000,13.38878000,40.0
52.56956000,13.38868000,40.0
52.56967000,13.38884000,40.0
52.56970000,13.38878000,40.0
52.56991000,13.38841000,41.0
52.57007000,13.38819000,42.0
52.57066000,13.38710000,43.0
52.57116000,13.38619000,43.0
52.57104000,13.38601000,44.0
52.57103000,13.38600000,44.0
52.57092000,13.38582000,45.0
52.57090000,13.38585000,45.0
52.57092000,13.38582000,45.0
52.57095000,13.38576000,45.0
52.57107000,13.38592000,44.0
52.57154000,13.38508000,43.0
52.57198000,13.38430000,43.0
52.57249000,13.38361000,41.0
52.57260000,13.38348000,41.0
52.57241000,13.38311000,41.0
52.57237000,13.38300000,41.0
52.57210000,13.38238000,42.0
52.57248000,13.38168000,43.0
52.57245000,13.38148000,43.0
52.57248000,13.38111000,42.0
52.57254000,13.38088000,41.0
52.57250000,13.38047000,41.0
52.57248000,13.38017000,42.0
52.57253000,13.37994000,41.0
52.57274000,13.37971000,41.0
52.57292000,13.37956000,43.0
52.57291000,13.37949000,43.0
52.57292000,13.37943000,44.0
52.57300000,13.37938000,44.0
52.57311000,13.37929000,45.0
52.57320000,13.37903000,46.0
52.57341000,13.37897000,46.0
52.57366000,13.37887000,44.0
52.57390000,13.37847000,41.0
52.57422000,13.37788000,42.0
52.57467000,13.37707000,40.0
52.57487000,13.37645000,44.0
52.57524000,13.37578000,44.0
52.57564000,13.37506000,45.0
52.57599000,13.37434000,43.0
52.57724000,13.37126000,44.0
52.57917000,13.36770000,46.0
52.57953000,13.36724000,46.0
52.58056000,13.36534000,43.0
52.58109000,13.36451000,43.0
52.58147000,13.36391000,41.0
52.58128000,13.36379000,42.0
52.58123000,13.36375000,42.0
52.58127000,13.36367000,42.0
52.58183000,13.36263000,45.0
52.58230000,13.36176000,43.0
52.58295000,13.36042000,45.0
52.58454000,13.35750000,43.0
52.58559000,13.35561000,45.0
52.58667000,13.35365000,47.0
52.58759000,13.35200000,47.0
52.58818000,13.35106000,46.0
52.58954000,13.34839000,44.0
52.58962000,13.34835000,44.0
52.58997000,13.34771000,43.0
52.59003000,13.34769000,43.0
52.59018000,13.34741000,44.0
52.59024000,13.34739000,44.0
52.59028000,13.34741000,45.0
52.59034000,13.34752000,45.0
52.59055000,13.34836000,47.0
52.59067000,13.34883000,48.0
52.59089000,13.34923000,49.0
52.59096000,13.35033000,48.0
52.59102000,13.35047000,48.0
52.59109000,13.35131000,48.0
52.59118000,13.35276000,48.0
52.59122000,13.35418000,48.0
52.59120000,13.35491000,47.0
52.59117000,13.35561000,48.0
52.59126000,13.35703000,47.0
52.59129000,13.35745000,49.0
52.59136000,13.35850000,56.0
52.59138000,13.35908000,57.0
52.59138000,13.35915000,57.0
52.59161000,13.36066000,63.0
52.59162000,13.36076000,64.0
52.59162000,13.36080000,64.0
52.59162000,13.36086000,64.0
52.59163000,13.36090000,65.0
52.59165000,13.36101000,66.0
52.59169000,13.36109000,68.0
52.59179000,13.36123000,67.0
52.59180000,13.36144000,62.0
52.59182000,13.36166000,57.0
52.59185000,13.36201000,51.0
52.59189000,13.36217000,48.0
52.59199000,13.36246000,46.0
52.59216000,13.36269000,48.0
52.59261000,13.36328000,52.0
52.59296000,13.36364000,49.0
52.59303000,13.36370000,48.0
52.59345000,13.36396000,48.0
52.59398000,13.36419000,51.0
52.59409000,13.36424000,51.0
52.59437000,13.36457000,49.0
52.59440000,13.36488000,49.0
52.59441000,13.36504000,49.0
52.59443000,13.36515000,49.0
52.59456000,13.36541000,50.0
52.59484000,13.36572000,50.0
52.59497000,13.36588000,50.0
52.59530000,13.36627000,50.0
52.59544000,13.36638000,50.0
52.59556000,13.36648000,51.0
52.59624000,13.36721000,50.0
52.59638000,13.36724000,49.0
52.59647000,13.36714000,49.0
52.59721000,13.36806000,47.0
52.59732000,13.36822000,47.0
52.59732000,13.36813000,48.0
52.59731000,13.36791000,48.0
52.59749000,13.36816000,48.0
52.59896000,13.36993000,45.0
52.60013000,13.37107000,43.0
52.60003000,13.37119000,43.0
52.59999000,13.37124000,43.0
52.60026000,13.37149000,44.0
52.60117000,13.37208000,46.0
52.60171000,13.37251000,48.0
52.60185000,13.37268000,48.0
52.60220000,13.37287000,48.0
52.60233000,13.37297000,49.0
52.60247000,13.37307000,49.0
52.60264000,13.37335000,50.0
52.60280000,13.37380000,49.0
52.60372000,13.37457000,47.0
52.60401000,13.37482000,47.0
52.60452000,13.37526000,46.0
52.60471000,13.37542000,47.0
52.60480000,13.37550000,47.0
52.60494000,13.37558000,47.0
52.60510000,13.37567000,46.0
52.60580000,13.37606000,49.0
52.60658000,13.37620000,48.0
52.60633000,13.37664000,49.0
52.60662000,13.37676000,48.0
52.60812000,13.37719000,47.0
52.60830000,13.37732000,46.0
52.60840000,13.37697000,47.0
52.60928000,13.37752000,49.0
52.60933000,13.37752000,49.0
52.60937000,13.37749000,49.0
52.60943000,13.37742000,49.0
52.61135000,13.37877000,49.0
52.61143000,13.37870000,49.0
52.61578000,13.37543000,58.0
52.61585000,13.37538000,58.0
52.61574000,13.37462000,59.0
52.61605000,13.37435000,59.0
52.61659000,13.37393000,59.0
52.61700000,13.37386000,58.0
52.61718000,13.37391000,59.0
52.61730000,13.37384000,59.0
52.61737000,13.37368000,58.0
52.61754000,13.37353000,58.0
52.61789000,13.37310000,59.0
52.61798000,13.37305000,59.0
52.61810000,13.37297000,58.0
52.61822000,13.37294000,58.0
52.61840000,13.37273000,57.0
52.62020000,13.37157000,58.0
52.62042000,13.37142000,57.0
52.62100000,13.37104000,54.0
52.62147000,13.37085000,51.0
52.62161000,13.37073000,50.0
52.62180000,13.37066000,49.0
52.62198000,13.37051000,47.0
52.62221000,13.37038000,45.0
52.62224000,13.37049000,44.0
52.62267000,13.36985000,39.0
52.62398000,13.36850000,34.0
52.62423000,13.36823000,33.0
52.62446000,13.36799000,33.0
52.62489000,13.36756000,34.0
52.62542000,13.36737000,33.0
52.62570000,13.36738000,33.0
52.62592000,13.36706000,33.0
52.62600000,13.36696000,33.0
52.62604000,13.36685000,33.0
52.62664000,13.36623000,34.0
52.62671000,13.36580000,35.0
52.62656000,13.36082000,37.0
52.62680000,13.35804000,33.0
52.62734000,13.35552000,34.0
52.62725000,13.35484000,35.0
52.62649000,13.35194000,36.0
52.62643000,13.35136000,36.0
52.62636000,13.35111000,35.0
52.62640000,13.34979000,36.0
52.62641000,13.34874000,35.0
52.62638000,13.34715000,34.0
52.62638000,13.34699000,35.0
52.62638000,13.34688000,36.0
52.62678000,13.34479000,36.0
52.62682000,13.34467000,37.0
52.62687000,13.34459000,38.0
52.62694000,13.34432000,39.0
52.62705000,13.34385000,40.0
52.62717000,13.34331000,40.0
52.62721000,13.34295000,39.0
52.62731000,13.34270000,40.0
52.62748000,13.34191000,37.0
52.62760000,13.34125000,37.0
52.62766000,13.34040000,39.0
52.62765000,13.34025000,39.0
52.62765000,13.34008000,40.0
52.62768000,13.33994000,40.0
52.62768000,13.33818000,40.0
52.62764000,13.33758000,39.0
52.62762000,13.33740000,39.0
52.62753000,13.33745000,38.0
52.62735000,13.33754000,37.0
52.62720000,13.33765000,36.0
52.62683000,13.33792000,34.0
52.62642000,13.33812000,32.0
52.62613000,13.33836000,33.0
52.62603000,13.33842000,34.0
52.62586000,13.33834000,34.0
52.62573000,13.33811000,35.0
52.62570000,13.33800000,35.0
52.62565000,13.33774000,34.0
52.62546000,13.33713000,35.0
52.62539000,13.33699000,34.0
52.62530000,13.33680000,34.0
52.62525000,13.33646000,33.0
52.62511000,13.33596000,33.0
52.62510000,13.33560000,32.0
52.62520000,13.33441000,33.0
52.62521000,13.33402000,34.0
52.62521000,13.33337000,37.0
52.62518000,13.33320000,38.0
52.62491000,13.33294000,37.0
52.62478000,13.33286000,37.0
52.62467000,13.33281000,37.0
52.62444000,13.33267000,38.0
52.62416000,13.33215000,38.0
52.62406000,13.33208000,39.0
52.62402000,13.33182000,38.0
52.62398000,13.33155000,38.0
52.62395000,13.33118000,38.0
52.62394000,13.33107000,38.0
52.62402000,13.33078000,38.0
52.62412000,13.33039000,38.0
52.62413000,13.33033000,38.0
52.62418000,13.33034000,38.0
52.62427000,13.33035000,38.0
52.62440000,13.33003000,39.0
52.62450000,13.32968000,40.0
52.62463000,13.32930000,41.0
52.62491000,13.32829000,42.0
52.62504000,13.32766000,40.0
52.62514000,13.32711000,40.0
52.62529000,13.32633000,41.0
52.62531000,13.32629000,41.0
52.62547000,13.32623000,41.0
52.62539000,13.32526000,41.0
52.62548000,13.32523000,41.0
52.62573000,13.32422000,39.0
52.62591000,13.32338000,41.0
52.62601000,13.32208000,43.0
52.62605000,13.32121000,42.0
52.62610000,13.32046000,43.0
52.62613000,13.31961000,44.0
52.62618000,13.31901000,44.0
52.62624000,13.31870000,43.0
52.62631000,13.31844000,43.0
52.62665000,13.31740000,43.0
52.62669000,13.31714000,43.0
52.62681000,13.31616000,42.0
52.62695000,13.31535000,43.0
52.62713000,13.31475000,43.0
52.62741000,13.31393000,45.0
52.62752000,13.31346000,44.0
52.62761000,13.31311000,45.0
52.62758000,13.31148000,47.0
52.62758000,13.31135000,47.0
52.62765000,13.31133000,47.0
52.62809000,13.31120000,47.0
52.62849000,13.31103000,49.0
52.62880000,13.31092000,51.0
52.62890000,13.31088000,51.0
52.62920000,13.31077000,51.0
52.62963000,13.31062000,52.0
52.62963000,13.31020000,54.0
52.62970000,13.30985000,56.0
52.62978000,13.30973000,58.0
52.62978000,13.30960000,59.0
52.62987000,13.30935000,61.0
52.62987000,13.30924000,61.0
52.62992000,13.30915000,62.0
52.63004000,13.30927000,63.0
52.63022000,13.30901000,66.0
52.63051000,13.30913000,66.0
52.63062000,13.30907000,66.0
52.63087000,13.30921000,63.0
52.63091000,13.30937000,62.0
52.63117000,13.30922000,61.0
52.63130000,13.30912000,61.0
52.63143000,13.30898000,61.0
52.63188000,13.30907000,61.0
52.63207000,13.30930000,61.0
52.63229000,13.30885000,64.0
52.63252000,13.30864000,66.0
52.63261000,13.30825000,66.0
52.63298000,13.30792000,69.0
52.63305000,13.30783000,69.0
52.63300000,13.30767000,69.0
52.63303000,13.30751000,69.0
52.63288000,13.30708000,67.0
52.63271000,13.30663000,64.0
52.63265000,13.30639000,63.0
52.63266000,13.30637000,63.0
52.63284000,13.30598000,62.0
52.63298000,13.30575000,62.0
52.63387000,13.30386000,62.0
52.63417000,13.30342000,62.0
52.63502000,13.30266000,61.0
52.63564000,13.30202000,64.0
52.63569000,13.30204000,64.0
52.63572000,13.30204000,64.0
52.63575000,13.30204000,65.0
52.63571000,13.30187000,64.0
52.63590000,13.30184000,64.0
52.63604000,13.30173000,62.0
52.63608000,13.30190000,62.0
52.63615000,13.30186000,61.0
52.63653000,13.30157000,60.0
52.63685000,13.30148000,59.0
52.63713000,13.30147000,59.0
52.63753000,13.30160000,57.0
52.63767000,13.30168000,58.0
52.63827000,13.30046000,55.0
52.63858000,13.29976000,54.0
52.63878000,13.29929000,56.0
52.63919000,13.29844000,57.0
52.63938000,13.29866000,57.0
52.63984000,13.29919000,54.0
52.63994000,13.29895000,54.0
52.64015000,13.29871000,54.0
52.64033000,13.29809000,54.0
52.64047000,13.29795000,54.0
52.64084000,13.29828000,54.0
52.64113000,13.29848000,55.0
52.64145000,13.29860000,54.0
52.64164000,13.29868000,55.0
52.64192000,13.29875000,55.0
52.64220000,13.29876000,54.0
52.64287000,13.29869000,57.0
52.64287000,13.29866000,57.0
52.64279000,13.29780000,56.0
52.64273000,13.29708000,55.0
52.64264000,13.29630000,53.0
52.64254000,13.29554000,53.0
52.64208000,13.29302000,51.0
52.64202000,13.29270000,51.0
52.64197000,13.29233000,51.0
52.64198000,13.29207000,51.0
52.64199000,13.29144000,51.0
52.64197000,13.29075000,50.0
52.64194000,13.29035000,50.0
52.64190000,13.28991000,50.0
52.64185000,13.28928000,52.0
52.64184000,13.28909000,52.0
52.64179000,13.28849000,51.0
52.64176000,13.28819000,51.0
52.64170000,13.28784000,51.0
52.64141000,13.28651000,49.0
52.64116000,13.28471000,54.0
52.64110000,13.28421000,53.0
52.64108000,13.28406000,53.0
52.64105000,13.28388000,53.0
52.64102000,13.28367000,52.0
52.64099000,13.28347000,52.0
52.64097000,13.28304000,50.0
52.64097000,13.28244000,49.0
52.64087000,13.28149000,48.0
52.64067000,13.28002000,50.0
52.64044000,13.27844000,49.0
52.64018000,13.27679000,51.0
52.64091000,13.27614000,50.0
52.64010000,13.27002000,50.0
52.64010000,13.26933000,48.0
52.64055000,13.26598000,49.0
52.64098000,13.26284000,46.0
52.64110000,13.26194000,45.0
52.64111000,13.26172000,45.0
52.64109000,13.26158000,45.0
52.64107000,13.26152000,45.0
52.64104000,13.26149000,46.0
52.64095000,13.26144000,46.0
52.64085000,13.26141000,47.0
52.64084000,13.26141000,47.0
52.64080000,13.26139000,48.0
52.64061000,13.26139000,50.0
52.63969000,13.26143000,51.0
52.63951000,13.26143000,52.0
52.63927000,13.26143000,53.0
52.63909000,13.26144000,53.0
52.63868000,13.26165000,49.0
52.63792000,13.26204000,46.0
52.63785000,13.26208000,45.0
52.63604000,13.26301000,43.0
52.63595000,13.26305000,43.0
52.63569000,13.26318000,44.0
52.63538000,13.26334000,44.0
52.63525000,13.26339000,45.0
52.63513000,13.26340000,45.0
52.63441000,13.26348000,43.0
52.63300000,13.26363000,45.0
52.63277000,13.26365000,45.0
52.63131000,13.26376000,53.0
52.63083000,13.26383000,53.0
52.62861000,13.26348000,39.0
52.62853000,13.26342000,39.0
52.62847000,13.26326000,38.0
52.62845000,13.26268000,37.0
52.62843000,13.26239000,38.0
52.62834000,13.26033000,41.0
52.62832000,13.25994000,41.0
52.62823000,13.25818000,45.0
52.62815000,13.25644000,44.0
52.62813000,13.25610000,44.0
52.62806000,13.25456000,45.0
52.62803000,13.25065000,40.0
52.62803000,13.24946000,42.0
52.62806000,13.24887000,41.0
52.62808000,13.24866000,41.0
52.62838000,13.24614000,41.0
52.62848000,13.24525000,39.0
52.62857000,13.24448000,38.0
52.62840000,13.24399000,38.0
52.62823000,13.24345000,40.0
52.62818000,13.24318000,41.0
52.62820000,13.24287000,41.0
52.62820000,13.24250000,40.0
52.62813000,13.24208000,40.0
52.62797000,13.24127000,39.0
52.62790000,13.24096000,39.0
52.62788000,13.24053000,39.0
52.62787000,13.24009000,41.0
52.62785000,13.23980000,42.0
52.62780000,13.23901000,43.0
52.62782000,13.23790000,40.0
52.62783000,13.23766000,40.0
52.62778000,13.23626000,42.0
52.62777000,13.23609000,43.0
52.62777000,13.23590000,42.0
52.62773000,13.23538000,42.0
52.62757000,13.23346000,41.0
52.62748000,13.23246000,43.0
52.62746000,13.23200000,42.0
52.62738000,13.23032000,42.0
52.62742000,13.22961000,41.0
52.62749000,13.22865000,41.0
52.62752000,13.22817000,41.0
52.62755000,13.22795000,40.0
52.62775000,13.22637000,39.0
52.62758000,13.22611000,38.0
52.62768000,13.22600000,38.0
52.62779000,13.22590000,38.0
52.62807000,13.22585000,38.0
52.62818000,13.22588000,38.0
52.62877000,13.22631000,34.0
52.62945000,13.22653000,36.0
52.62977000,13.22655000,39.0
52.62998000,13.22655000,40.0
52.63068000,13.22624000,43.0
52.63115000,13.22599000,46.0
52.63155000,13.22578000,47.0
52.63220000,13.22490000,47.0
52.63559000,13.21984000,36.0
52.63602000,13.21945000,36.0
52.63599000,13.21933000,35.0
52.63594000,13.21914000,35.0
52.63595000,13.21905000,35.0
52.63598000,13.21899000,35.0
52.63602000,13.21892000,35.0
52.63612000,13.21875000,35.0
52.63616000,13.21875000,35.0
52.63624000,13.21877000,35.0
52.63632000,13.21786000,37.0
52.63641000,13.21723000,37.0
52.63658000,13.21641000,36.0
52.63660000,13.21633000,36.0
52.63677000,13.21551000,33.0
52.63681000,13.21523000,32.0
52.63682000,13.21520000,32.0
52.63708000,13.21389000,33.0
52.63679000,13.21387000,33.0
52.63640000,13.21381000,34.0
52.63624000,13.21379000,35.0
52.63598000,13.21376000,34.0
52.63584000,13.21373000,33.0
52.63557000,13.21367000,33.0
52.63527000,13.21361000,33.0
52.63506000,13.21343000,33.0
52.63493000,13.21324000,32.0
52.63479000,13.21299000,33.0
52.63467000,13.21246000,35.0
52.63462000,13.21214000,34.0
52.63461000,13.21201000,34.0
52.63419000,13.21221000,36.0
52.63408000,13.21234000,37.0
52.63402000,13.21255000,36.0
52.63401000,13.21320000,34.0
52.63393000,13.21337000,33.0
52.63383000,13.21373000,33.0
52.63370000,13.21448000,35.0
52.63353000,13.21442000,35.0
52.63338000,13.21556000,29.0
52.63332000,13.21571000,27.0
52.63321000,13.21579000,27.0
52.63305000,13.21577000,28.0
52.63284000,13.21566000,32.0
52.63124000,13.21604000,32.0
52.63065000,13.21625000,31.0
52.63054000,13.21617000,31.0
52.63048000,13.21613000,31.0
52.63040000,13.21585000,30.0
52.63034000,13.21522000,28.0
52.63038000,13.21503000,28.0
52.63076000,13.21448000,29.0
52.63110000,13.21433000,30.0
52.63101000,13.21408000,31.0
52.63097000,13.21389000,31.0
52.63095000,13.21379000,31.0
52.63087000,13.21371000,31.0
52.63002000,13.21387000,32.0
52.62998000,13.21391000,32.0
52.62973000,13.21451000,31.0
52.62906000,13.21631000,30.0
52.62834000,13.21629000,31.0
52.62738000,13.21609000,31.0
52.62391000,13.21460000,31.0
52.62185000,13.21334000,32.0
52.62027000,13.21132000,33.0
52.61868000,13.20967000,32.0
52.61788000,13.20857000,31.0
52.61746000,13.20806000,32.0
52.61684000,13.20646000,32.0
52.61667000,13.20595000,32.0
52.61642000,13.20511000,33.0
52.61652000,13.20505000,33.0
52.61658000,13.20501000,33.0
52.61668000,13.20496000,33.0
52.61725000,13.20474000,34.0
52.61734000,13.20459000,35.0
52.61724000,13.20447000,35.0
52.61723000,13.20444000,34.0
52.61722000,13.20435000,34.0
52.61721000,13.20427000,34.0
52.61670000,13.20439000,33.0
52.61642000,13.20446000,33.0
52.61621000,13.20454000,33.0
52.61578000,13.20463000,37.0
52.61547000,13.20471000,37.0
52.61522000,13.20475000,38.0
52.61474000,13.20469000,39.0
52.61426000,13.20457000,38.0
52.61411000,13.20454000,38.0
52.61395000,13.20450000,37.0
52.61361000,13.20443000,35.0
52.61361000,13.20451000,34.0
52.61360000,13.20464000,34.0
52.61356000,13.20476000,33.0
52.61349000,13.20480000,33.0
52.61311000,13.20482000,32.0
52.61167000,13.20506000,31.0
52.61156000,13.20455000,30.0
52.61140000,13.20421000,30.0
52.61113000,13.20399000,31.0
52.61094000,13.20395000,32.0
52.61089000,13.20393000,32.0
52.61086000,13.20391000,32.0
52.61032000,13.20399000,32.0
52.61013000,13.20394000,33.0
52.60969000,13.20368000,36.0
52.60966000,13.20364000,36.0
52.60938000,13.20331000,36.0
52.60915000,13.20298000,34.0
52.60899000,13.20264000,33.0
52.60883000,13.20230000,33.0
52.60873000,13.20210000,32.0
52.60832000,13.20138000,31.0
52.60787000,13.20067000,29.0
52.60749000,13.20034000,31.0
52.60740000,13.20027000,31.0
52.60725000,13.20019000,31.0
52.60696000,13.20009000,32.0
52.60693000,13.20011000,32.0
52.60690000,13.20012000,32.0
52.60611000,13.19979000,32.0
52.60541000,13.19979000,34.0
52.60506000,13.19986000,38.0
52.60498000,13.19987000,39.0
52.60488000,13.19986000,38.0
52.60463000,13.19976000,35.0
52.60385000,13.19922000,31.0
52.60352000,13.19921000,31.0
52.60337000,13.19931000,31.0
52.60309000,13.19965000,31.0
52.60298000,13.19979000,32.0
52.60238000,13.20021000,33.0
52.60221000,13.20030000,31.0
52.60104000,13.20064000,32.0
52.60074000,13.20082000,32.0
52.60043000,13.20140000,32.0
52.60033000,13.20151000,32.0
52.59920000,13.20186000,33.0
52.59910000,13.20194000,34.0
52.59878000,13.20243000,33.0
52.59845000,13.20323000,33.0
52.59799000,13.20350000,33.0
52.59768000,13.20384000,35.0
52.59756000,13.20415000,33.0
52.59674000,13.20628000,32.0
52.59667000,13.20642000,32.0
52.59643000,13.20685000,34.0
52.59637000,13.20684000,35.0
52.59583000,13.20813000,39.0
52.59552000,13.20893000,41.0
52.59526000,13.20956000,39.0
52.59506000,13.20993000,39.0
52.59425000,13.21113000,40.0
52.59313000,13.21256000,42.0
52.59280000,13.21290000,42.0
52.59276000,13.21295000,42.0
52.59112000,13.21286000,41.0
52.59069000,13.21284000,43.0
52.58932000,13.21300000,42.0
52.58800000,13.21315000,37.0
52.58785000,13.21322000,38.0
52.58766000,13.21343000,37.0
52.58750000,13.21341000,37.0
52.58738000,13.21303000,38.0
52.58731000,13.21292000,37.0
52.58721000,13.21288000,36.0
52.58700000,13.21283000,34.0
52.58669000,13.21275000,32.0
52.58616000,13.21261000,32.0
52.58599000,13.21256000,33.0
52.58591000,13.21250000,34.0
52.58585000,13.21241000,34.0
52.58581000,13.21229000,35.0
52.58576000,13.21214000,36.0
52.58569000,13.21206000,36.0
52.58550000,13.21159000,39.0
52.58552000,13.21144000,41.0
52.58555000,13.21125000,42.0
52.58560000,13.21102000,44.0
52.58574000,13.21046000,45.0
52.58568000,13.21022000,46.0
52.58555000,13.21001000,46.0
52.58547000,13.20987000,46.0
52.58556000,13.20952000,47.0
52.58558000,13.20919000,48.0
52.58441000,13.20713000,47.0
52.58438000,13.20707000,47.0
52.58435000,13.20703000,47.0
52.58446000,13.20684000,46.0
52.58463000,13.20654000,46.0
52.58481000,13.20634000,45.0
52.58487000,13.20615000,45.0
52.58515000,13.20579000,46.0
52.58607000,13.20443000,47.0
52.58605000,13.20422000,46.0
52.58587000,13.20369000,45.0
52.58575000,13.20344000,44.0
52.58564000,13.20334000,44.0
52.58565000,13.20242000,43.0
52.58566000,13.20195000,45.0
52.58578000,13.20198000,44.0
52.58594000,13.20184000,45.0
52.58607000,13.20149000,48.0
52.58641000,13.20094000,49.0
52.58667000,13.20038000,49.0
52.58701000,13.19989000,48.0
52.58728000,13.19885000,50.0
52.58738000,13.19785000,49.0
52.58738000,13.19724000,49.0
52.58730000,13.19651000,51.0
52.58712000,13.19615000,52.0
52.58683000,13.19574000,51.0
52.58681000,13.19571000,51.0
52.58665000,13.19544000,50.0
52.58786000,13.19294000,49.0
52.58886000,13.19085000,48.0
52.59092000,13.18655000,44.0
52.59121000,13.18698000,40.0
52.59166000,13.18780000,40.0
52.59219000,13.18609000,38.0
52.59240000,13.18559000,38.0
52.59318000,13.18466000,37.0
52.59342000,13.18419000,38.0
52.59366000,13.18328000,37.0
52.59393000,13.18139000,37.0
52.59405000,13.18088000,38.0
52.59467000,13.17906000,33.0
52.59489000,13.17818000,34.0
52.59490000,13.17674000,32.0
52.59507000,13.17474000,33.0
52.59530000,13.17368000,33.0
52.59537000,13.17347000,33.0
52.59603000,13.17247000,34.0
52.59626000,13.17200000,34.0
52.59642000,13.17137000,33.0
52.59676000,13.16998000,32.0
52.59699000,13.16769000,35.0
52.59700000,13.16712000,36.0
52.59698000,13.16688000,36.0
52.59686000,13.16626000,37.0
52.59691000,13.16536000,35.0
52.59701000,13.16479000,33.0
52.59715000,13.16466000,32.0
52.59750000,13.16469000,32.0
52.59844000,13.16444000,35.0
52.59858000,13.16436000,35.0
52.59867000,13.16419000,35.0
52.59894000,13.16392000,33.0
52.59866000,13.16155000,31.0
52.59838000,13.15949000,31.0
52.59827000,13.15905000,31.0
52.59827000,13.15886000,30.0
52.59827000,13.15870000,30.0
52.59826000,13.15816000,30.0
52.59819000,13.15790000,30.0
52.59814000,13.15782000,30.0
52.59812000,13.15772000,30.0
52.59791000,13.15646000,30.0
52.59782000,13.15621000,31.0
52.59748000,13.15557000,30.0
52.59721000,13.15524000,30.0
52.59663000,13.15420000,31.0
52.59656000,13.15379000,31.0
52.59643000,13.15348000,31.0
52.59610000,13.15313000,31.0
52.59586000,13.15293000,31.0
52.59587000,13.15281000,31.0
52.59579000,13.15274000,31.0
52.59576000,13.15326000,30.0
52.59575000,13.15353000,30.0
52.59575000,13.15368000,30.0
52.59572000,13.15397000,30.0
52.59571000,13.15407000,30.0
52.59560000,13.15380000,30.0
52.59396000,13.15209000,31.0
52.59197000,13.14952000,31.0
52.59169000,13.14904000,32.0
52.59157000,13.14872000,31.0
52.59156000,13.14870000,31.0
52.59127000,13.14928000,32.0
52.59116000,13.14949000,33.0
52.59116000,13.15028000,39.0
52.59115000,13.15050000,42.0
52.59118000,13.15108000,46.0
52.59094000,13.15149000,46.0
52.59047000,13.15228000,47.0
52.58926000,13.15430000,44.0
52.58756000,13.15707000,37.0
52.58728000,13.15753000,36.0
52.58686000,13.15822000,35.0
52.58558000,13.16036000,34.0
52.58365000,13.15726000,36.0
52.58340000,13.15762000,40.0
52.58335000,13.15764000,40.0
52.58330000,13.15766000,41.0
52.58319000,13.15768000,41.0
52.58301000,13.15792000,41.0
52.58294000,13.15803000,41.0
52.58281000,13.15813000,41.0
52.58249000,13.15837000,40.0
52.58234000,13.15840000,39.0
52.58184000,13.15880000,42.0
52.58134000,13.15933000,45.0
52.58032000,13.15767000,40.0
52.57977000,13.15854000,39.0
52.57964000,13.15833000,38.0
52.57920000,13.15764000,38.0
52.57877000,13.15712000,39.0
52.57855000,13.15679000,38.0
52.57831000,13.15658000,38.0
52.57822000,13.15627000,38.0
52.57809000,13.15558000,39.0
52.57786000,13.15481000,39.0
52.57758000,13.15412000,38.0
52.57745000,13.15363000,37.0
52.57710000,13.15363000,38.0
52.57692000,13.15356000,37.0
52.57587000,13.15373000,35.0
52.57577000,13.15370000,34.0
52.57531000,13.15357000,35.0
52.57480000,13.15372000,39.0
52.57445000,13.15352000,39.0
52.57340000,13.15364000,42.0
52.57314000,13.15348000,43.0
52.57286000,13.15317000,42.0
52.57245000,13.15297000,40.0
52.57178000,13.15287000,39.0
52.57159000,13.15375000,41.0
52.57162000,13.15406000,42.0
52.57162000,13.15461000,43.0
52.57161000,13.15501000,43.0
52.57080000,13.15481000,43.0
52.57037000,13.15428000,44.0
52.56995000,13.15317000,44.0
52.56967000,13.15265000,43.0
52.56906000,13.15273000,43.0
52.56853000,13.15242000,41.0
52.56831000,13.15229000,42.0
52.56788000,13.15175000,42.0
52.56759000,13.15125000,40.0
52.56755000,13.15119000,40.0
52.56697000,13.15062000,39.0
52.56650000,13.15034000,39.0
52.56572000,13.14936000,38.0
52.56460000,13.14834000,40.0
52.56410000,13.14802000,39.0
52.56285000,13.14778000,40.0
52.56241000,13.14774000,40.0
52.56200000,13.14778000,42.0
52.56100000,13.14714000,39.0
52.56068000,13.14743000,38.0
52.56021000,13.14785000,33.0
52.56042000,13.14926000,36.0
52.56036000,13.14938000,35.0
52.56021000,13.14967000,34.0
52.56015000,13.14970000,33.0
52.55994000,13.14976000,31.0
52.55977000,13.14973000,31.0
52.55948000,13.14955000,31.0
52.55901000,13.14867000,29.0
52.55869000,13.14836000,28.0
52.55837000,13.14831000,29.0
52.55796000,13.14847000,30.0
52.55775000,13.14849000,29.0
52.55764000,13.14847000,29.0
52.55752000,13.14845000,29.0
52.55689000,13.14851000,28.0
52.55684000,13.14841000,28.0
52.55628000,13.14814000,32.0
52.55599000,13.14808000,33.0
52.55551000,13.14805000,33.0
52.55512000,13.14819000,32.0
52.55501000,13.14773000,30.0
52.55481000,13.14727000,30.0
52.55478000,13.14724000,30.0
52.55472000,13.14720000,30.0
52.55463000,13.14754000,29.0
52.55433000,13.14733000,29.0
52.55377000,13.14674000,28.0
52.55355000,13.14658000,28.0
52.55296000,13.14641000,29.0
52.55217000,13.14531000,30.0
52.55191000,13.14495000,29.0
52.55186000,13.14486000,29.0
52.55191000,13.14444000,28.0
52.55209000,13.14421000,29.0
52.55210000,13.14402000,30.0
52.55207000,13.14308000,32.0
52.55230000,13.14207000,32.0
52.55237000,13.14164000,31.0
52.55210000,13.14153000,31.0
52.55182000,13.14153000,30.0
52.55153000,13.14164000,31.0
52.55125000,13.14177000,34.0
52.55119000,13.14181000,34.0
52.54996000,13.14255000,33.0
52.54986000,13.14261000,33.0
52.54855000,13.14339000,34.0
52.54775000,13.14385000,35.0
52.54755000,13.14390000,35.0
52.54745000,13.14392000,35.0
52.54712000,13.14397000,33.0
52.54650000,13.14392000,33.0
52.54630000,13.14384000,34.0
52.54591000,13.14379000,34.0
52.54583000,13.14378000,35.0
52.54529000,13.14370000,35.0
52.54491000,13.14365000,32.0
52.54452000,13.14359000,32.0
52.54312000,13.14338000,31.0
52.54269000,13.14331000,32.0
52.54264000,13.14331000,32.0
52.54262000,13.14330000,32.0
52.54246000,13.14328000,32.0
52.54225000,13.14324000,33.0
52.53963000,13.14283000,34.0
52.53926000,13.14270000,33.0
52.53894000,13.14258000,33.0
52.53833000,13.14235000,33.0
52.53805000,13.14229000,33.0
52.53795000,13.14226000,32.0
52.53763000,13.14221000,31.0
52.53753000,13.14219000,31.0
52.53736000,13.14216000,32.0
52.53723000,13.14215000,32.0
52.53709000,13.14212000,32.0
52.53583000,13.14211000,32.0
52.53555000,13.14212000,32.0
52.53552000,13.14211000,32.0
52.53528000,13.14209000,32.0
52.53469000,13.14203000,34.0
52.53409000,13.14197000,34.0
52.53388000,13.14194000,34.0
52.53381000,13.14193000,34.0
52.53374000,13.14191000,34.0
52.53370000,13.14190000,34.0
52.53317000,13.14176000,33.0
52.53301000,13.14172000,33.0
52.53254000,13.14160000,32.0
52.53244000,13.14156000,32.0
52.53210000,13.14140000,32.0
52.53199000,13.14135000,32.0
52.53197000,13.14141000,32.0
52.53193000,13.14152000,33.0
52.53192000,13.14162000,33.0
52.53169000,13.14194000,34.0
52.53133000,13.14239000,35.0
52.53123000,13.14231000,35.0
52.53110000,13.14219000,35.0
52.53105000,13.14227000,35.0
52.52966000,13.14513000,30.0
52.52885000,13.14454000,31.0
52.52876000,13.14447000,31.0
52.52870000,13.14458000,31.0
52.52864000,13.14464000,31.0
52.52857000,13.14467000,32.0
52.52822000,13.14441000,33.0
52.52778000,13.14409000,33.0
52.52771000,13.14403000,33.0
52.52776000,13.14385000,33.0
52.52764000,13.14383000,34.0
52.52723000,13.14370000,35.0
52.52701000,13.14370000,34.0
52.52696000,13.14369000,34.0
52.52686000,13.14359000,34.0
52.52678000,13.14350000,34.0
52.52673000,13.14344000,34.0
52.52663000,13.14343000,34.0
52.52617000,13.14346000,34.0
52.52607000,13.14357000,35.0
52.52599000,13.14356000,35.0
52.52594000,13.14348000,35.0
52.52573000,13.14331000,35.0
52.52532000,13.14333000,35.0
52.52507000,13.14323000,35.0
52.52497000,13.14319000,34.0
52.52494000,13.14318000,34.0
52.52436000,13.14316000,34.0
52.52421000,13.14325000,33.0
52.52420000,13.14330000,34.0
52.52417000,13.14345000,34.0
52.52407000,13.14341000,34.0
52.52375000,13.14335000,35.0
52.52370000,13.14335000,35.0
52.52358000,13.14325000,34.0
52.52185000,13.14290000,43.0
52.52174000,13.14279000,44.0
52.52171000,13.14272000,44.0
52.52162000,13.14203000,46.0
52.52159000,13.14195000,47.0
52.52149000,13.14193000,47.0
52.52093000,13.14194000,48.0
52.52063000,13.14206000,46.0
52.52030000,13.14221000,46.0
52.52000000,13.14225000,45.0
52.51973000,13.14227000,43.0
52.51975000,13.14249000,43.0
52.51974000,13.14311000,41.0
52.51977000,13.14315000,41.0
52.51982000,13.14319000,41.0
52.51979000,13.14319000,41.0
52.51970000,13.14320000,40.0
52.51968000,13.14322000,40.0
52.51966000,13.14324000,40.0
52.51950000,13.14354000,40.0
52.51925000,13.14432000,42.0
52.51901000,13.14465000,42.0
52.51857000,13.14499000,43.0
52.51837000,13.14517000,44.0
52.51827000,13.14534000,45.0
52.51815000,13.14570000,46.0
52.51814000,13.14588000,46.0
52.51816000,13.14606000,47.0
52.51827000,13.14641000,50.0
52.51827000,13.14667000,52.0
52.51828000,13.14671000,52.0
52.51827000,13.14675000,53.0
52.51801000,13.14709000,53.0
52.51794000,13.14723000,52.0
52.51788000,13.14736000,53.0
52.51752000,13.14862000,59.0
52.51694000,13.14947000,57.0
52.51579000,13.15233000,57.0
52.51540000,13.15296000,54.0
52.51536000,13.15300000,53.0
52.51487000,13.15386000,49.0
52.51469000,13.15389000,47.0
52.51460000,13.15384000,47.0
52.51452000,13.15385000,46.0
52.51446000,13.15386000,46.0
52.51438000,13.15409000,46.0
52.51400000,13.15512000,46.0
52.51378000,13.15570000,48.0
52.51356000,13.15624000,49.0
52.51354000,13.15652000,49.0
52.51347000,13.15678000,48.0
52.51302000,13.15785000,49.0
52.51282000,13.15883000,50.0
52.51187000,13.16141000,52.0
52.51184000,13.16146000,52.0
52.51149000,13.16237000,54.0
52.51107000,13.16346000,50.0
52.51058000,13.16486000,49.0
52.51022000,13.16606000,48.0
52.51016000,13.16623000,48.0
52.51007000,13.16649000,48.0
52.50989000,13.16699000,48.0
52.50964000,13.16770000,46.0
52.50917000,13.16903000,47.0
52.50911000,13.16891000,48.0
52.50894000,13.16850000,49.0
52.50874000,13.16813000,49.0
52.50861000,13.16791000,49.0
52.50834000,13.16746000,48.0
52.50778000,13.16678000,50.0
52.50746000,13.16642000,49.0
52.50720000,13.16611000,49.0
52.50609000,13.16453000,48.0
52.50591000,13.16426000,47.0
52.50586000,13.16439000,47.0
52.50559000,13.16399000,47.0
52.50552000,13.16388000,46.0
52.50481000,13.16284000,48.0
52.50552000,13.16388000,46.0
52.50559000,13.16399000,47.0
52.50566000,13.16388000,47.0
52.50576000,13.16371000,47.0
52.50574000,13.16367000,47.0
52.50504000,13.16263000,50.0
52.50426000,13.16146000,49.0
52.50396000,13.16136000,49.0
52.50236000,13.15891000,51.0
52.50233000,13.15887000,51.0
52.50158000,13.15764000,52.0
52.50085000,13.15644000,50.0
52.50081000,13.15659000,50.0
52.50009000,13.15550000,50.0
52.49989000,13.15522000,49.0
52.49970000,13.15495000,48.0
52.49945000,13.15460000,49.0
52.49924000,13.15433000,49.0
52.49882000,13.15372000,49.0
52.49841000,13.15319000,49.0
52.49805000,13.15269000,49.0
52.49803000,13.15273000,50.0
52.49768000,13.15340000,50.0
52.49738000,13.15308000,50.0
52.49673000,13.15229000,52.0
52.49608000,13.15128000,52.0
52.49492000,13.14970000,48.0
52.49465000,13.14936000,48.0
52.49329000,13.14767000,48.0
52.49300000,13.14716000,47.0
52.49160000,13.14534000,43.0
52.49126000,13.14493000,42.0
52.49033000,13.14380000,42.0
52.48936000,13.14362000,39.0
52.48931000,13.14355000,39.0
52.48947000,13.14096000,40.0
52.48938000,13.14123000,40.0
52.48866000,13.14038000,43.0
52.48859000,13.14030000,44.0
52.48799000,13.13955000,49.0
52.48746000,13.13920000,51.0
52.48655000,13.13765000,49.0
52.48542000,13.13642000,47.0
52.48525000,13.13579000,50.0
52.48388000,13.13401000,49.0
52.48293000,13.13278000,48.0
52.48226000,13.13183000,47.0
52.48025000,13.12935000,45.0
52.47997000,13.12897000,45.0
52.47920000,13.12772000,44.0
52.47872000,13.12692000,45.0
52.47869000,13.12687000,45.0
52.47857000,13.12653000,44.0
52.47854000,13.12651000,44.0
52.47846000,13.12631000,44.0
52.47828000,13.12586000,47.0
52.47775000,13.12512000,51.0
52.47761000,13.12489000,50.0
52.47705000,13.12406000,46.0
52.47635000,13.12300000,45.0
52.47574000,13.12212000,42.0
52.47566000,13.12190000,42.0
52.47540000,13.12128000,43.0
52.47532000,13.12085000,43.0
52.47531000,13.12064000,43.0
52.47529000,13.12043000,42.0
52.47529000,13.12041000,42.0
52.47508000,13.11908000,41.0
52.47499000,13.11848000,40.0
52.47491000,13.11800000,39.0
52.47490000,13.11790000,39.0
52.47482000,13.11749000,39.0
52.47447000,13.11584000,40.0
52.47440000,13.11552000,41.0
52.47368000,13.11511000,37.0
52.47347000,13.11500000,37.0
52.47227000,13.11489000,38.0
52.47224000,13.11483000,38.0
52.47209000,13.11459000,39.0
52.47201000,13.11447000,39.0
52.47195000,13.11443000,39.0
52.47179000,13.11442000,39.0
52.47150000,13.11370000,39.0
52.47164000,13.11327000,38.0
52.47170000,13.11321000,39.0
52.47163000,13.11301000,38.0
52.47106000,13.11138000,39.0
52.47087000,13.11088000,39.0
52.47091000,13.11058000,39.0
52.47107000,13.10947000,40.0
52.47108000,13.10936000,40.0
52.47075000,13.10913000,38.0
52.47047000,13.10906000,38.0
52.47034000,13.10902000,38.0
52.46993000,13.10892000,38.0
52.46923000,13.10866000,42.0
52.46904000,13.10859000,43.0
52.46868000,13.10843000,45.0
52.46786000,13.10781000,45.0
52.46697000,13.10738000,45.0
52.46678000,13.10729000,45.0
52.46667000,13.10724000,45.0
52.46635000,13.10709000,45.0
52.46602000,13.10692000,44.0
52.46545000,13.10668000,43.0
52.46471000,13.10638000,46.0
52.46412000,13.10623000,48.0
52.46331000,13.10628000,46.0
52.46183000,13.10636000,50.0
52.46175000,13.10634000,49.0
52.46125000,13.10620000,47.0
52.46116000,13.10618000,47.0
52.46009000,13.10590000,48.0
52.45904000,13.10560000,42.0
52.45882000,13.10551000,40.0
52.45904000,13.10560000,42.0
52.45912000,13.10606000,41.0
52.45896000,13.10597000,40.0
52.45850000,13.10550000,39.0
52.45821000,13.10545000,41.0
52.45799000,13.10562000,42.0
52.45782000,13.10589000,41.0
52.45760000,13.10657000,44.0
52.45735000,13.10733000,45.0
52.45730000,13.10727000,46.0
52.45711000,13.10903000,41.0
52.45704000,13.10964000,40.0
52.45684000,13.11056000,38.0
52.45678000,13.11076000,38.0
52.45677000,13.11077000,38.0
52.45665000,13.11092000,38.0
52.45652000,13.11111000,37.0
52.45649000,13.11112000,37.0
52.45603000,13.11122000,37.0
52.45565000,13.11116000,37.0
52.45514000,13.11105000,36.0
52.45457000,13.11092000,36.0
52.45424000,13.11084000,35.0
52.45402000,13.11079000,34.0
52.45354000,13.11047000,33.0
52.45273000,13.10983000,35.0
52.45218000,13.10939000,36.0
52.45125000,13.10873000,38.0
52.45073000,13.10826000,37.0
52.44979000,13.10950000,37.0
52.44911000,13.11036000,38.0
52.44813000,13.11160000,39.0
52.44722000,13.11272000,40.0
52.44691000,13.11307000,42.0
52.44606000,13.11404000,42.0
52.44568000,13.11449000,46.0
52.44565000,13.11455000,46.0
52.44548000,13.11495000,49.0
52.44540000,13.11516000,51.0
52.44497000,13.11624000,55.0
52.44444000,13.11737000,58.0
52.44434000,13.11758000,59.0
52.44408000,13.11804000,60.0
52.44395000,13.11826000,58.0
52.44381000,13.11846000,58.0
52.44360000,13.11851000,57.0
52.44347000,13.11851000,57.0
52.44298000,13.11850000,56.0
52.44284000,13.11851000,56.0
52.44276000,13.11800000,54.0
52.44265000,13.11747000,57.0
52.44241000,13.11670000,58.0
52.44198000,13.11530000,61.0
52.44152000,13.11491000,59.0
52.44104000,13.11449000,56.0
52.44000000,13.11393000,48.0
52.43959000,13.11281000,54.0
52.43937000,13.11216000,53.0
52.43923000,13.11176000,54.0
52.43867000,13.11026000,48.0
52.43751000,13.10834000,48.0
52.43563000,13.10565000,45.0
52.43441000,13.10378000,47.0
52.43429000,13.10359000,46.0
52.43389000,13.10307000,42.0
52.43386000,13.10303000,42.0
52.43328000,13.10217000,38.0
52.43319000,13.10204000,39.0
52.43328000,13.10175000,42.0
52.43329000,13.10160000,43.0
52.43323000,13.10141000,43.0
52.43308000,13.10129000,43.0
52.43294000,13.10132000,41.0
52.43279000,13.10153000,40.0
52.43260000,13.10133000,39.0
52.43110000,13.09966000,36.0
52.42985000,13.09946000,36.0
52.42961000,13.09943000,36.0
52.42950000,13.09940000,37.0
52.42936000,13.09938000,38.0
52.42915000,13.09929000,41.0
52.42908000,13.09916000,42.0
52.42872000,13.09758000,39.0
52.42854000,13.09651000,37.0
52.42853000,13.09622000,37.0
52.42854000,13.09417000,38.0
52.42855000,13.09397000,38.0
52.42856000,13.09335000,35.0
52.42857000,13.09311000,34.0
52.42858000,13.09183000,34.0
52.42826000,13.09076000,39.0
52.42823000,13.09053000,39.0
52.42823000,13.09046000,40.0
52.42858000,13.08856000,44.0
52.42862000,13.08847000,43.0
52.42869000,13.08829000,43.0
52.42837000,13.08757000,47.0
52.42824000,13.08707000,49.0
52.42808000,13.08660000,50.0
52.42797000,13.08652000,51.0
52.42781000,13.08648000,52.0
52.42702000,13.08663000,49.0
52.42669000,13.08663000,47.0
52.42638000,13.08664000,42.0
52.42625000,13.08641000,40.0
52.42623000,13.08616000,40.0
52.42617000,13.08599000,39.0
52.42605000,13.08514000,39.0
52.42573000,13.08370000,40.0
52.42566000,13.08349000,38.0
52.42552000,13.08304000,37.0
52.42512000,13.08219000,39.0
52.42422000,13.08082000,39.0
52.42403000,13.08039000,37.0
52.42403000,13.08003000,37.0
52.42412000,13.07965000,37.0
52.42464000,13.07830000,38.0
52.42504000,13.07716000,40.0
52.42534000,13.07625000,41.0
52.42567000,13.07541000,41.0
52.42599000,13.07479000,44.0
52.42640000,13.07426000,42.0
52.42704000,13.07351000,39.0
52.42712000,13.07342000,39.0
52.42731000,13.07320000,39.0
52.42771000,13.07300000,39.0
52.42807000,13.07283000,38.0
52.42842000,13.07248000,38.0
52.42907000,13.07219000,40.0
52.42942000,13.07214000,38.0
52.42950000,13.07213000,38.0
52.43031000,13.07236000,44.0
52.43062000,13.07250000,46.0
52.43076000,13.07211000,43.0
52.43112000,13.07137000,40.0
52.43146000,13.07100000,40.0
52.43157000,13.07087000,41.0
52.43178000,13.07063000,42.0
52.43234000,13.07004000,40.0
52.43354000,13.06861000,41.0
52.43365000,13.06851000,41.0
52.43391000,13.06825000,43.0
52.43410000,13.06801000,44.0
52.43540000,13.06515000,40.0
52.43579000,13.06441000,42.0
52.43695000,13.06316000,46.0
52.43709000,13.06299000,46.0
52.43717000,13.06293000,46.0
52.43726000,13.06285000,47.0
52.43772000,13.06265000,49.0
52.43798000,13.06247000,51.0
52.43912000,13.06096000,49.0
52.43932000,13.06086000,48.0
52.43959000,13.06083000,46.0
52.43983000,13.06089000,46.0
52.44011000,13.06119000,47.0
52.44029000,13.06172000,49.0
52.44051000,13.06267000,53.0
52.44065000,13.06305000,54.0
52.44080000,13.06331000,55.0
52.44173000,13.06445000,49.0
52.44191000,13.06464000,48.0
52.44198000,13.06510000,49.0
52.44253000,13.06671000,47.0
52.44288000,13.06719000,45.0
52.44316000,13.06744000,44.0
52.44371000,13.06796000,43.0
52.44394000,13.06815000,43.0
52.44441000,13.06844000,43.0
52.44471000,13.06864000,42.0
52.44524000,13.06889000,43.0
52.44591000,13.06897000,43.0
52.44655000,13.06890000,40.0
52.44664000,13.06890000,41.0
52.44672000,13.06899000,43.0
52.44684000,13.06879000,41.0
52.44715000,13.06867000,42.0
52.44761000,13.06849000,43.0
52.44796000,13.06828000,42.0
52.44800000,13.06823000,41.0
52.44828000,13.06794000,38.0
52.44922000,13.06687000,42.0
52.44946000,13.06662000,39.0
52.44960000,13.06644000,39.0
52.44977000,13.06616000,40.0
52.44997000,13.06574000,42.0
52.45008000,13.06555000,45.0
52.45016000,13.06542000,47.0
52.45031000,13.06525000,50.0
52.45051000,13.06506000,53.0
52.45104000,13.06469000,56.0
52.45144000,13.06448000,58.0
52.45200000,13.06421000,65.0
52.45219000,13.06406000,66.0
52.45224000,13.06402000,66.0
52.45241000,13.06381000,67.0
52.45275000,13.06339000,67.0
52.45294000,13.06327000,67.0
52.45318000,13.06311000,66.0
52.45389000,13.06307000,58.0
52.45412000,13.06317000,55.0
52.45441000,13.06314000,51.0
52.45462000,13.06300000,48.0
52.45472000,13.06282000,47.0
52.45476000,13.06272000,46.0
52.45537000,13.06072000,44.0
52.45549000,13.06055000,44.0
52.45561000,13.06044000,43.0
52.45670000,13.05956000,38.0
52.45687000,13.05950000,38.0
52.45705000,13.05952000,40.0
52.45717000,13.05956000,41.0
52.45738000,13.05947000,42.0
52.45750000,13.05944000,42.0
52.45753000,13.05931000,42.0
52.45790000,13.05858000,41.0
52.45832000,13.05656000,45.0
52.45879000,13.05495000,35.0
52.45893000,13.05465000,33.0
52.45924000,13.05433000,33.0
52.45957000,13.05423000,33.0
52.45965000,13.05415000,33.0
52.45916000,13.05263000,36.0
52.45894000,13.05197000,36.0
52.45875000,13.05144000,35.0
52.45861000,13.05078000,36.0
52.45823000,13.04974000,36.0
52.45797000,13.04928000,37.0
52.45757000,13.04884000,37.0
52.45670000,13.04794000,37.0
52.45645000,13.04778000,37.0
52.45592000,13.04760000,36.0
52.45494000,13.04730000,38.0
52.45430000,13.04711000,41.0
52.45300000,13.04682000,41.0
52.45091000,13.04651000,43.0
52.45036000,13.04642000,46.0
52.45034000,13.04652000,44.0
52.45032000,13.04658000,43.0
52.45031000,13.04661000,42.0
52.45028000,13.04665000,42.0
52.45013000,13.04669000,41.0
52.45004000,13.04667000,41.0
52.44988000,13.04664000,42.0
52.44985000,13.04663000,42.0
52.44979000,13.04662000,42.0
52.44971000,13.04661000,43.0
52.44968000,13.04660000,43.0
52.44930000,13.04667000,40.0
52.44902000,13.04672000,38.0
52.44897000,13.04673000,37.0
52.44872000,13.04677000,37.0
52.44832000,13.04684000,37.0
52.44772000,13.04681000,44.0
52.44759000,13.04678000,48.0
52.44754000,13.04677000,50.0
52.44671000,13.04673000,57.0
52.44647000,13.04666000,57.0
52.44596000,13.04672000,58.0
52.44582000,13.04666000,57.0
52.44552000,13.04658000,55.0
52.44526000,13.04662000,55.0
52.44484000,13.04689000,52.0
52.44474000,13.04711000,52.0
52.44450000,13.04722000,51.0
52.44407000,13.04760000,46.0
52.44402000,13.04645000,50.0
52.44396000,13.04653000,49.0
52.44390000,13.04661000,49.0
52.44341000,13.04708000,43.0
52.44338000,13.04712000,42.0
52.44322000,13.04716000,40.0
52.44284000,13.04742000,36.0
52.44209000,13.04794000,34.0
52.44173000,13.04820000,35.0
52.44112000,13.04863000,34.0
52.43973000,13.04955000,36.0
52.43968000,13.04959000,36.0
52.43924000,13.04987000,34.0
52.43887000,13.05012000,35.0
52.43872000,13.05022000,35.0
52.43834000,13.05050000,36.0
52.43827000,13.05055000,36.0
52.43797000,13.05062000,36.0
52.43777000,13.05067000,35.0
52.43749000,13.05082000,34.0
52.43687000,13.05116000,35.0
52.43676000,13.05123000,35.0
52.43662000,13.05132000,36.0
52.43639000,13.05151000,38.0
52.43635000,13.05156000,38.0
52.43622000,13.05170000,39.0
52.43608000,13.05185000,41.0
52.43602000,13.05189000,41.0
52.43584000,13.05420000,38.0
52.43555000,13.05498000,41.0
52.43532000,13.05537000,40.0
52.43524000,13.05584000,40.0
52.43499000,13.05640000,42.0
52.43471000,13.05723000,43.0
52.43455000,13.05747000,40.0
52.43396000,13.05789000,39.0
52.43351000,13.05841000,41.0
52.43340000,13.05918000,40.0
52.43296000,13.05969000,41.0
52.43293000,13.05970000,41.0
52.43285000,13.05973000,41.0
52.43275000,13.05985000,41.0
52.43273000,13.05989000,41.0
52.43255000,13.06024000,41.0
52.43247000,13.06065000,39.0
52.43227000,13.06100000,38.0
52.43171000,13.06136000,40.0
52.43157000,13.06166000,40.0
52.43144000,13.06201000,40.0
52.43140000,13.06215000,39.0
52.43112000,13.06243000,40.0
52.43107000,13.06256000,40.0
52.43060000,13.06365000,45.0
52.43028000,13.06468000,40.0
52.43011000,13.06490000,40.0
52.43004000,13.06498000,41.0
52.42992000,13.06502000,41.0
52.42901000,13.06495000,41.0
52.42855000,13.06497000,37.0
52.42807000,13.06516000,37.0
52.42806000,13.06517000,37.0
52.42788000,13.06532000,39.0
52.42782000,13.06541000,39.0
52.42763000,13.06576000,40.0
52.42743000,13.06629000,38.0
52.42725000,13.06683000,35.0
52.42674000,13.06834000,31.0
52.42668000,13.06837000,32.0
52.42642000,13.06908000,32.0
52.42611000,13.06986000,31.0
52.42560000,13.06944000,36.0
52.42554000,13.06927000,37.0
52.42480000,13.06901000,38.0
52.42366000,13.06872000,36.0
52.42331000,13.06874000,36.0
52.42235000,13.06923000,37.0
52.42220000,13.06922000,37.0
52.42201000,13.06907000,38.0
52.42199000,13.06912000,38.0
52.42190000,13.06928000,39.0
52.42185000,13.06937000,40.0
52.42174000,13.06953000,41.0
52.42160000,13.06975000,42.0
52.42097000,13.07067000,41.0
52.42091000,13.07079000,42.0
52.42049000,13.07146000,42.0
52.42039000,13.07170000,39.0
52.42033000,13.07187000,39.0
52.42010000,13.07279000,35.0
52.42003000,13.07313000,36.0
52.42007000,13.07350000,34.0
52.42023000,13.07448000,36.0
52.42030000,13.07496000,36.0
52.42038000,13.07535000,34.0
52.42062000,13.07640000,30.0
52.42075000,13.07690000,28.0
52.42086000,13.07738000,28.0
52.42090000,13.07755000,28.0
52.42088000,13.07771000,28.0
52.42076000,13.07802000,28.0
52.42065000,13.07816000,28.0
52.42056000,13.07819000,28.0
52.42039000,13.07824000,28.0
52.42010000,13.07812000,31.0
52.41959000,13.07778000,33.0
52.41917000,13.07769000,33.0
52.41891000,13.07763000,33.0
52.41867000,13.07759000,33.0
52.41831000,13.07756000,34.0
52.41784000,13.07763000,37.0
52.41768000,13.07772000,37.0
52.41719000,13.07804000,34.0
52.41671000,13.07853000,34.0
52.41658000,13.07865000,34.0
52.41654000,13.07897000,34.0
52.41645000,13.07977000,32.0
52.41634000,13.08009000,32.0
52.41626000,13.08020000,32.0
52.41615000,13.08033000,33.0
52.41610000,13.08042000,33.0
52.41608000,13.08050000,33.0
52.41611000,13.08070000,33.0
52.41598000,13.08177000,30.0
52.41555000,13.08347000,33.0
52.41539000,13.08385000,33.0
52.41526000,13.08418000,33.0
52.41511000,13.08467000,34.0
52.41504000,13.08488000,35.0
52.41498000,13.08505000,35.0
52.41482000,13.08548000,34.0
52.41478000,13.08558000,34.0
52.41472000,13.08572000,34.0
52.41452000,13.08632000,32.0
52.41436000,13.08715000,31.0
52.41431000,13.08725000,31.0
52.41426000,13.08731000,31.0
52.41420000,13.08753000,31.0
52.41420000,13.08761000,31.0
52.41416000,13.08772000,32.0
52.41403000,13.08793000,33.0
52.41375000,13.08815000,35.0
52.41371000,13.08824000,35.0
52.41360000,13.08825000,36.0
52.41344000,13.08834000,35.0
52.41346000,13.08865000,33.0
52.41346000,13.08880000,32.0
52.41347000,13.08913000,31.0
52.41346000,13.09133000,31.0
52.41346000,13.09163000,32.0
52.41346000,13.09165000,32.0
52.41347000,13.09189000,33.0
52.41347000,13.09220000,34.0
52.41344000,13.09343000,39.0
52.41343000,13.09366000,39.0
52.41322000,13.09566000,37.0
52.41321000,13.09617000,38.0
52.41320000,13.09627000,38.0
52.41322000,13.09661000,38.0
52.41289000,13.09676000,38.0
52.41283000,13.09681000,38.0
52.41211000,13.09742000,33.0
52.41175000,13.09771000,33.0
52.41163000,13.09783000,33.0
52.41113000,13.09894000,34.0
52.41109000,13.09898000,34.0
52.41100000,13.09892000,34.0
52.41088000,13.09906000,34.0
52.41076000,13.09902000,34.0
52.41044000,13.09873000,34.0
52.41023000,13.09925000,33.0
52.41019000,13.09903000,33.0
52.40980000,13.10004000,35.0
52.40927000,13.10143000,33.0
52.40918000,13.10168000,34.0
52.40896000,13.10147000,33.0
52.40880000,13.10113000,33.0
52.40871000,13.10114000,33.0
52.40859000,13.10109000,34.0
52.40832000,13.10094000,36.0
52.40821000,13.10088000,40.0
52.40816000,13.10089000,41.0
52.40813000,13.10095000,41.0
52.40811000,13.10104000,41.0
52.40806000,13.10126000,40.0
52.40799000,13.10186000,37.0
52.40795000,13.10200000,37.0
52.40781000,13.10216000,38.0
52.40766000,13.10221000,39.0
52.40763000,13.10213000,40.0
52.40727000,13.10286000,39.0
52.40700000,13.10332000,41.0
52.40697000,13.10346000,41.0
52.40658000,13.10422000,54.0
52.40652000,13.10462000,53.0
52.40638000,13.10543000,49.0
52.40622000,13.10600000,48.0
52.40604000,13.10651000,50.0
52.40565000,13.10729000,52.0
52.40557000,13.10739000,52.0
52.40475000,13.10835000,49.0
52.40451000,13.10852000,50.0
52.40426000,13.10867000,50.0
52.40409000,13.10877000,48.0
52.40378000,13.10903000,45.0
52.40361000,13.10917000,44.0
52.40312000,13.10966000,44.0
52.40294000,13.10993000,43.0
52.40257000,13.11055000,42.0
52.40247000,13.11073000,43.0
52.40143000,13.11251000,42.0
52.40156000,13.11285000,42.0
52.40162000,13.11300000,42.0
52.40164000,13.11317000,42.0
52.40167000,13.11345000,41.0
52.40169000,13.11367000,41.0
52.40169000,13.11375000,41.0
52.40169000,13.11388000,40.0
52.40169000,13.11394000,40.0
52.40168000,13.11405000,40.0
52.40166000,13.11418000,39.0
52.40164000,13.11431000,39.0
52.40157000,13.11463000,40.0
52.40153000,13.11478000,40.0
52.40149000,13.11491000,40.0
52.40147000,13.11495000,41.0
52.40143000,13.11504000,41.0
52.40135000,13.11522000,41.0
52.40131000,13.11531000,41.0
52.40118000,13.11556000,40.0
52.40098000,13.11586000,39.0
52.40091000,13.11594000,39.0
52.40079000,13.11608000,39.0
52.40066000,13.11622000,39.0
52.40053000,13.11638000,40.0
52.40046000,13.11650000,39.0
52.40035000,13.11669000,39.0
52.40028000,13.11682000,39.0
52.40014000,13.11708000,40.0
52.39997000,13.11737000,41.0
52.40001000,13.11744000,40.0
52.39996000,13.11753000,41.0
52.39991000,13.11762000,41.0
52.39987000,13.11756000,41.0
52.39975000,13.11778000,40.0
52.39960000,13.11804000,41.0
52.39948000,13.11827000,40.0
52.39942000,13.11837000,39.0
52.39939000,13.11842000,39.0
52.39934000,13.11848000,40.0
52.39930000,13.11852000,40.0
52.39908000,13.11878000,41.0
52.39851000,13.11945000,42.0
52.39797000,13.12007000,41.0
52.39784000,13.12019000,41.0
52.39805000,13.12069000,39.0
52.39785000,13.12112000,39.0
52.39771000,13.12143000,40.0
52.39754000,13.12168000,40.0
52.39671000,13.12291000,35.0
52.39622000,13.12347000,34.0
52.39590000,13.12352000,37.0
52.39584000,13.12344000,39.0
52.39567000,13.12340000,41.0
52.39556000,13.12327000,43.0
52.39540000,13.12311000,44.0
52.39512000,13.12358000,44.0
52.39513000,13.12405000,42.0
52.39515000,13.12476000,41.0
52.39515000,13.12489000,42.0
52.39518000,13.12578000,40.0
52.39520000,13.12658000,40.0
52.39523000,13.12789000,40.0
52.39526000,13.12820000,40.0
52.39528000,13.12839000,39.0
52.39537000,13.12916000,39.0
52.39544000,13.12966000,41.0
52.39549000,13.13011000,42.0
52.39560000,13.13105000,43.0
52.39584000,13.13136000,43.0
52.39595000,13.13154000,44.0
52.39759000,13.13544000,42.0
52.39777000,13.13588000,42.0
52.39807000,13.13660000,38.0
52.39811000,13.13676000,38.0
52.39810000,13.13685000,38.0
52.39780000,13.13831000,41.0
52.39839000,13.13921000,41.0
52.39832000,13.13938000,41.0
52.39852000,13.13967000,41.0
52.39898000,13.14047000,39.0
52.39940000,13.14130000,36.0
52.39946000,13.14141000,36.0
52.39967000,13.14174000,36.0
52.39989000,13.14205000,33.0
52.40030000,13.14255000,31.0
52.40036000,13.14263000,31.0
52.40041000,13.14253000,31.0
52.40028000,13.14235000,31.0
52.40025000,13.14241000,31.0
52.40013000,13.14245000,31.0
52.40000000,13.14272000,31.0
52.39998000,13.14295000,32.0
52.39978000,13.14339000,30.0
52.39964000,13.14347000,30.0
52.39955000,13.14369000,30.0
52.39953000,13.14391000,30.0
52.39902000,13.14496000,32.0
52.39891000,13.14504000,32.0
52.39879000,13.14530000,33.0
52.39879000,13.14533000,33.0
52.39888000,13.14525000,32.0
52.39892000,13.14530000,33.0
52.39904000,13.14545000,35.0
52.39898000,13.14560000,35.0
52.39892000,13.14606000,36.0
52.39888000,13.14675000,41.0
52.39883000,13.14724000,44.0
52.39888000,13.14743000,45.0
52.40048000,13.15209000,56.0
52.40089000,13.15330000,54.0
52.40234000,13.15757000,56.0
52.40296000,13.15940000,56.0
52.40509000,13.16590000,52.0
52.40510000,13.16593000,52.0
52.40676000,13.17091000,53.0
52.40680000,13.17104000,53.0
52.40721000,13.17225000,56.0
52.40783000,13.17413000,54.0
52.40803000,13.17473000,53.0
52.40814000,13.17505000,55.0
52.40925000,13.17839000,49.0
52.41148000,13.18509000,61.0
52.41180000,13.18604000,61.0
52.41232000,13.18758000,57.0
52.41344000,13.19086000,58.0
52.41388000,13.19216000,57.0
52.41434000,13.19358000,56.0
52.41464000,13.19450000,55.0
52.41531000,13.19658000,46.0
52.41537000,13.19677000,44.0
52.41563000,13.19754000,41.0
52.41570000,13.19775000,43.0
52.41584000,13.19815000,45.0
52.41621000,13.19925000,53.0
52.41669000,13.20067000,58.0
52.41719000,13.20216000,55.0
52.41723000,13.20229000,54.0
52.41757000,13.20322000,53.0
52.41827000,13.20539000,54.0
52.41857000,13.20634000,53.0
52.41864000,13.20655000,53.0
52.41936000,13.20874000,49.0
52.41944000,13.20904000,49.0
52.41955000,13.20944000,50.0
52.41959000,13.20957000,51.0
52.41966000,13.20976000,52.0
52.42036000,13.21193000,55.0
52.42095000,13.21384000,54.0
52.42101000,13.21402000,54.0
52.42175000,13.21622000,44.0
52.42181000,13.21635000,43.0
52.42198000,13.21686000,41.0
52.42203000,13.21705000,41.0
52.42232000,13.21792000,40.0
52.42245000,13.21834000,40.0
52.42278000,13.21933000,42.0
52.42289000,13.21971000,43.0
52.42307000,13.22026000,46.0
52.42339000,13.22126000,48.0
52.42347000,13.22152000,48.0
52.42387000,13.22274000,51.0
52.42393000,13.22290000,51.0
52.42427000,13.22392000,51.0
52.42449000,13.22461000,50.0
52.42453000,13.22473000,50.0
52.42453000,13.22475000,50.0
52.42453000,13.22473000,50.0
52.42396000,13.22480000,50.0
52.42354000,13.22485000,47.0
52.42350000,13.22485000,47.0
52.42343000,13.22486000,46.0
52.42338000,13.22485000,46.0
52.42245000,13.22496000,44.0
52.42187000,13.22504000,44.0
52.42120000,13.22512000,44.0
52.42102000,13.22515000,44.0
52.42101000,13.22516000,44.0
52.42098000,13.22516000,44.0
52.42091000,13.22519000,44.0
52.42090000,13.22519000,44.0
52.42092000,13.22548000,44.0
52.42108000,13.22615000,44.0
52.42116000,13.22646000,45.0
52.42118000,13.22655000,45.0
52.42126000,13.22686000,45.0
52.42114000,13.22694000,45.0
52.42107000,13.22702000,45.0
52.42093000,13.22808000,44.0
52.42090000,13.22844000,44.0
52.42087000,13.22891000,43.0
52.42081000,13.22997000,42.0
52.42075000,13.23104000,43.0
52.42074000,13.23136000,43.0
52.42070000,13.23213000,44.0
52.42069000,13.23250000,44.0
52.42073000,13.23302000,44.0
52.42076000,13.23320000,44.0
52.42081000,13.23352000,45.0
52.42092000,13.23410000,46.0
52.42095000,13.23425000,46.0
52.42105000,13.23475000,46.0
52.42111000,13.23510000,46.0
52.42116000,13.23544000,45.0
52.42117000,13.23574000,44.0
52.42118000,13.23671000,43.0
52.42118000,13.23769000,43.0
52.42119000,13.23884000,42.0
52.42120000,13.23935000,42.0
52.42123000,13.23998000,43.0
52.42128000,13.24111000,42.0
52.42131000,13.24186000,41.0
52.42140000,13.24384000,38.0
52.42141000,13.24414000,37.0
52.42141000,13.24417000,37.0
52.42139000,13.24417000,37.0
52.42116000,13.24417000,38.0
52.42061000,13.24410000,39.0
52.42038000,13.24415000,39.0
52.42027000,13.24404000,40.0
52.42011000,13.24404000,39.0
52.41979000,13.24400000,38.0
52.41973000,13.24406000,37.0
52.41968000,13.24425000,36.0
52.41928000,13.24507000,36.0
52.41922000,13.24533000,36.0
52.41917000,13.24559000,36.0
52.41893000,13.24600000,37.0
52.41875000,13.24650000,38.0
52.41855000,13.24661000,38.0
52.41695000,13.24708000,42.0
52.41714000,13.24731000,41.0
52.41733000,13.24752000,41.0
52.41755000,13.24773000,40.0
52.41704000,13.24801000,44.0
52.41677000,13.24816000,45.0
52.41649000,13.24818000,45.0
52.41643000,13.24817000,45.0
52.41566000,13.24808000,42.0
52.41422000,13.24851000,37.0
52.41426000,13.24890000,36.0
52.41400000,13.24878000,36.0
52.41278000,13.24914000,37.0
52.41213000,13.24927000,38.0
52.41148000,13.24935000,36.0
52.41078000,13.24938000,37.0
52.41003000,13.24935000,36.0
52.40940000,13.24932000,37.0
52.40857000,13.24928000,36.0
52.40822000,13.24922000,37.0
52.40820000,13.24922000,37.0
52.40752000,13.24927000,42.0
52.40749000,13.24935000,42.0
52.40749000,13.24937000,42.0
52.40758000,13.25043000,38.0
52.40768000,13.25168000,40.0
52.40708000,13.25182000,38.0
52.40657000,13.25190000,38.0
52.40652000,13.25204000,38.0
52.40642000,13.25229000,36.0
52.40629000,13.25262000,34.0
52.40626000,13.25320000,34.0
52.40643000,13.25429000,36.0
52.40668000,13.25691000,35.0
52.40672000,13.25728000,35.0
52.40674000,13.25806000,33.0
52.40677000,13.25904000,34.0
52.40673000,13.25964000,34.0
52.40644000,13.26131000,33.0
52.40637000,13.26155000,33.0
52.40525000,13.26393000,35.0
52.40505000,13.26461000,35.0
52.40492000,13.26522000,34.0
52.40470000,13.26656000,31.0
52.40456000,13.26748000,33.0
52.40450000,13.26864000,33.0
52.40453000,13.26873000,33.0
52.40454000,13.26879000,33.0
52.40454000,13.26887000,33.0
52.40440000,13.26890000,33.0
52.40403000,13.26898000,34.0
52.40378000,13.26901000,35.0
52.40358000,13.26900000,36.0
52.40334000,13.26895000,35.0
52.40325000,13.26893000,35.0
52.40317000,13.26892000,35.0
52.40316000,13.26885000,35.0
52.40313000,13.26880000,35.0
52.40309000,13.26876000,35.0
52.40304000,13.26876000,35.0
52.40301000,13.26877000,35.0
52.40298000,13.26880000,35.0
52.40296000,13.26885000,35.0
52.40286000,13.26882000,35.0
52.40263000,13.26878000,37.0
52.40257000,13.26874000,37.0
52.40234000,13.26862000,38.0
52.40204000,13.26843000,38.0
52.40184000,13.26829000,37.0
52.40117000,13.26789000,38.0
52.40108000,13.26782000,38.0
52.40083000,13.26737000,38.0
52.40057000,13.26690000,37.0
52.40054000,13.26686000,37.0
52.40047000,13.26722000,37.0
52.40044000,13.26786000,38.0
52.40050000,13.26841000,37.0
52.40054000,13.26864000,38.0
52.40047000,13.26861000,37.0
52.40018000,13.26849000,37.0
52.40011000,13.26846000,37.0
52.39951000,13.26823000,38.0
52.39942000,13.26820000,39.0
52.39924000,13.26814000,39.0
52.39891000,13.26804000,39.0
52.39879000,13.26801000,39.0
52.39874000,13.26799000,39.0
52.39842000,13.26790000,40.0
52.39832000,13.26787000,40.0
52.39789000,13.26779000,39.0
52.39766000,13.26775000,39.0
52.39707000,13.26763000,40.0
52.39695000,13.26760000,40.0
52.39676000,13.26755000,39.0
52.39582000,13.26733000,40.0
52.39571000,13.26733000,40.0
52.39566000,13.26736000,40.0
52.39563000,13.26738000,40.0
52.39564000,13.26752000,39.0
52.39560000,13.26764000,39.0
52.39553000,13.26771000,39.0
52.39555000,13.26791000,39.0
52.39558000,13.26814000,39.0
52.39562000,13.26843000,40.0
52.39596000,13.26959000,41.0
52.39655000,13.27233000,44.0
52.39685000,13.27428000,46.0
52.39687000,13.27433000,45.0
52.39688000,13.27439000,45.0
52.39692000,13.27450000,44.0
52.39694000,13.27455000,44.0
52.39689000,13.27463000,44.0
52.39688000,13.27466000,44.0
52.39701000,13.27490000,43.0
52.39704000,13.27494000,43.0
52.39706000,13.27497000,43.0
52.39710000,13.27502000,43.0
