Latitude,Longitude,Elevation
52.51518000,13.36022000,40.0
52.51518000,13.36018000,40.0
52.51516000,13.36004000,40.0
52.51515000,13.35988000,40.0
52.51514000,13.35978000,40.0
52.51512000,13.35963000,41.0
52.51508000,13.35937000,41.0
52.51506000,13.35908000,39.0
52.51506000,13.35878000,38.0
52.51503000,13.35844000,38.0
52.51500000,13.35811000,37.0
52.51497000,13.35780000,36.0
52.51496000,13.35747000,35.0
52.51495000,13.35714000,35.0
52.51491000,13.35681000,35.0
52.51489000,13.35648000,35.0
52.51487000,13.35617000,35.0
52.51485000,13.35586000,35.0
52.51485000,13.35556000,36.0
52.51482000,13.35523000,37.0
52.51480000,13.35491000,37.0
52.51478000,13.35460000,36.0
52.51477000,13.35428000,35.0
52.51474000,13.35396000,34.0
52.51474000,13.35387000,34.0
52.51472000,13.35353000,35.0
52.51470000,13.35323000,36.0
52.51468000,13.35289000,39.0
52.51465000,13.35256000,39.0
52.51463000,13.35223000,39.0
52.51464000,13.35189000,36.0
52.51467000,13.35157000,34.0
52.51478000,13.35131000,34.0
52.51492000,13.35109000,34.0
52.51500000,13.35087000,36.0
52.51504000,13.35071000,37.0
52.51512000,13.35040000,37.0
52.51512000,13.35010000,36.0
52.51507000,13.34980000,34.0
52.51498000,13.34950000,31.0
52.51485000,13.34927000,32.0
52.51472000,13.34905000,33.0
52.51457000,13.34884000,34.0
52.51447000,13.34858000,36.0
52.51441000,13.34828000,38.0
52.51437000,13.34797000,38.0
52.51434000,13.34767000,39.0
52.51432000,13.34736000,39.0
52.51430000,13.34703000,39.0
52.51429000,13.34670000,39.0
52.51429000,13.34639000,39.0
52.51426000,13.34607000,39.0
52.51426000,13.34578000,38.0
52.51425000,13.34546000,37.0
52.51424000,13.34516000,38.0
52.51421000,13.34483000,38.0
52.51418000,13.34449000,38.0
52.51413000,13.34419000,38.0
52.51409000,13.34386000,37.0
52.51405000,13.34355000,37.0
52.51403000,13.34324000,36.0
52.51402000,13.34290000,34.0
52.51401000,13.34259000,33.0
52.51399000,13.34229000,32.0
52.51397000,13.34197000,35.0
52.51396000,13.34164000,37.0
52.51394000,13.34130000,38.0
52.51393000,13.34101000,37.0
52.51391000,13.34071000,36.0
52.51388000,13.34039000,35.0
52.51384000,13.34009000,35.0
52.51383000,13.33988000,35.0
52.51380000,13.33956000,36.0
52.51377000,13.33926000,36.0
52.51374000,13.33896000,36.0
52.51373000,13.33862000,36.0
52.51371000,13.33841000,36.0
52.51368000,13.33810000,36.0
52.51368000,13.33780000,35.0
52.51369000,13.33766000,35.0
52.51370000,13.33737000,34.0
52.51368000,13.33705000,34.0
52.51368000,13.33673000,36.0
52.51364000,13.33643000,36.0
52.51361000,13.33610000,37.0
52.51363000,13.33605000,37.0
52.51360000,13.33575000,38.0
52.51352000,13.33544000,38.0
52.51348000,13.33511000,38.0
52.51345000,13.33487000,37.0
52.51345000,13.33481000,36.0
52.51344000,13.33470000,36.0
52.51342000,13.33453000,35.0
52.51341000,13.33443000,34.0
52.51341000,13.33420000,35.0
52.51341000,13.33389000,36.0
52.51340000,13.33357000,35.0
52.51340000,13.33352000,35.0
52.51340000,13.33321000,35.0
52.51338000,13.33291000,35.0
52.51337000,13.33261000,36.0
52.51336000,13.33229000,36.0
52.51335000,13.33198000,36.0
52.51334000,13.33163000,35.0
52.51330000,13.33130000,34.0
52.51327000,13.33108000,34.0
52.51325000,13.33076000,37.0
52.51322000,13.33047000,38.0
52.51319000,13.33015000,39.0
52.51316000,13.32989000,39.0
52.51313000,13.32956000,39.0
52.51311000,13.32922000,38.0
52.51310000,13.32890000,37.0
52.51307000,13.32858000,38.0
52.51306000,13.32825000,38.0
52.51306000,13.32796000,38.0
52.51302000,13.32763000,37.0
52.51299000,13.32729000,37.0
52.51297000,13.32706000,37.0
52.51294000,13.32674000,38.0
52.51292000,13.32642000,37.0
52.51290000,13.32611000,36.0
52.51288000,13.32587000,36.0
52.51286000,13.32556000,35.0
52.51285000,13.32522000,36.0
52.51283000,13.32490000,36.0
52.51280000,13.32457000,35.0
52.51281000,13.32425000,35.0
52.51280000,13.32414000,36.0
52.51278000,13.32380000,36.0
52.51278000,13.32350000,39.0
52.51280000,13.32319000,41.0
52.51282000,13.32314000,42.0
52.51296000,13.32292000,42.0
52.51312000,13.32276000,41.0
52.51329000,13.32261000,39.0
52.51348000,13.32257000,41.0
52.51367000,13.32254000,42.0
52.51383000,13.32232000,40.0
52.51402000,13.32231000,39.0
52.51419000,13.32218000,37.0
52.51442000,13.32230000,36.0
52.51449000,13.32235000,36.0
52.51467000,13.32243000,36.0
52.51484000,13.32253000,37.0
52.51502000,13.32271000,37.0
52.51519000,13.32286000,38.0
52.51536000,13.32302000,38.0
52.51552000,13.32319000,37.0
52.51568000,13.32334000,37.0
52.51588000,13.32348000,36.0
52.51605000,13.32360000,36.0
52.51621000,13.32376000,36.0
52.51637000,13.32379000,36.0
52.51655000,13.32383000,36.0
52.51673000,13.32395000,35.0
52.51679000,13.32402000,35.0
52.51685000,13.32408000,35.0
52.51689000,13.32413000,35.0
52.51703000,13.32436000,36.0
52.51708000,13.32444000,36.0
52.51713000,13.32450000,37.0
52.51727000,13.32468000,38.0
52.51744000,13.32487000,40.0
52.51763000,13.32499000,42.0
52.51783000,13.32504000,44.0
52.51786000,13.32505000,44.0
52.51805000,13.32513000,44.0
52.51811000,13.32520000,44.0
52.51830000,13.32531000,43.0
52.51845000,13.32551000,42.0
52.51854000,13.32559000,40.0
52.51872000,13.32568000,36.0
52.51890000,13.32585000,32.0
52.51906000,13.32606000,32.0
52.51921000,13.32618000,32.0
52.51938000,13.32637000,32.0
52.51953000,13.32654000,32.0
52.51970000,13.32669000,33.0
52.51986000,13.32685000,33.0
52.52002000,13.32702000,33.0
52.52019000,13.32716000,34.0
52.52036000,13.32728000,35.0
52.52055000,13.32742000,36.0
52.52073000,13.32744000,38.0
52.52088000,13.32762000,39.0
52.52104000,13.32778000,40.0
52.52122000,13.32792000,41.0
52.52139000,13.32795000,41.0
52.52156000,13.32809000,40.0
52.52161000,13.32814000,40.0
52.52180000,13.32824000,38.0
52.52186000,13.32830000,38.0
52.52201000,13.32845000,35.0
52.52220000,13.32853000,33.0
52.52237000,13.32863000,32.0
52.52250000,13.32888000,31.0
52.52258000,13.32905000,32.0
52.52269000,13.32934000,34.0
52.52284000,13.32956000,35.0
52.52290000,13.32961000,36.0
52.52310000,13.32962000,38.0
52.52328000,13.32972000,38.0
52.52331000,13.32974000,38.0
52.52349000,13.32983000,39.0
52.52362000,13.32987000,40.0
52.52367000,13.32995000,40.0
52.52376000,13.33022000,40.0
52.52385000,13.33054000,40.0
52.52393000,13.33081000,41.0
52.52396000,13.33091000,41.0
52.52404000,13.33118000,41.0
52.52417000,13.33141000,40.0
52.52420000,13.33159000,39.0
52.52424000,13.33182000,39.0
52.52429000,13.33215000,39.0
52.52431000,13.33234000,39.0
52.52436000,13.33266000,39.0
52.52441000,13.33295000,39.0
52.52448000,13.33326000,39.0
52.52463000,13.33352000,39.0
52.52467000,13.33382000,39.0
52.52468000,13.33415000,39.0
52.52475000,13.33445000,39.0
52.52483000,13.33473000,38.0
52.52488000,13.33505000,37.0
52.52489000,13.33519000,37.0
52.52490000,13.33554000,35.0
52.52490000,13.33585000,35.0
52.52496000,13.33616000,36.0
52.52498000,13.33626000,36.0
52.52504000,13.33656000,36.0
52.52515000,13.33684000,37.0
52.52522000,13.33713000,37.0
52.52527000,13.33742000,37.0
52.52532000,13.33771000,37.0
52.52540000,13.33803000,38.0
52.52542000,13.33832000,40.0
52.52547000,13.33842000,40.0
52.52552000,13.33857000,40.0
52.52558000,13.33886000,38.0
52.52566000,13.33913000,38.0
52.52571000,13.33944000,39.0
52.52574000,13.33964000,39.0
52.52574000,13.33981000,39.0
52.52568000,13.34012000,39.0
52.52568000,13.34046000,37.0
52.52566000,13.34067000,36.0
52.52570000,13.34099000,36.0
52.52568000,13.34131000,36.0
52.52564000,13.34162000,35.0
52.52557000,13.34181000,35.0
52.52551000,13.34209000,35.0
52.52549000,13.34239000,36.0
52.52544000,13.34270000,37.0
52.52539000,13.34301000,38.0
52.52534000,13.34330000,38.0
52.52533000,13.34335000,38.0
52.52526000,13.34365000,37.0
52.52523000,13.34385000,37.0
52.52522000,13.34395000,37.0
52.52525000,13.34416000,36.0
52.52526000,13.34421000,35.0
52.52525000,13.34431000,35.0
52.52524000,13.34441000,34.0
52.52520000,13.34460000,34.0
52.52515000,13.34493000,33.0
52.52511000,13.34523000,33.0
52.52505000,13.34553000,34.0
52.52503000,13.34584000,35.0
52.52502000,13.34608000,35.0
52.52499000,13.34639000,36.0
52.52496000,13.34670000,36.0
52.52492000,13.34700000,37.0
52.52490000,13.34725000,38.0
52.52491000,13.34756000,39.0
52.52490000,13.34769000,40.0
52.52488000,13.34778000,40.0
52.52483000,13.34799000,40.0
52.52481000,13.34813000,40.0
52.52477000,13.34844000,40.0
52.52476000,13.34854000,40.0
52.52474000,13.34886000,40.0
52.52473000,13.34906000,40.0
52.52474000,13.34940000,38.0
52.52471000,13.34970000,39.0
52.52466000,13.35000000,40.0
52.52459000,13.35031000,41.0
52.52452000,13.35061000,42.0
52.52452000,13.35094000,41.0
52.52450000,13.35124000,40.0
52.52449000,13.35156000,41.0
52.52447000,13.35187000,40.0
52.52442000,13.35219000,39.0
52.52437000,13.35251000,37.0
52.52433000,13.35280000,35.0
52.52429000,13.35313000,35.0
52.52428000,13.35345000,35.0
52.52425000,13.35377000,36.0
52.52422000,13.35407000,36.0
52.52416000,13.35435000,37.0
52.52412000,13.35465000,38.0
52.52405000,13.35493000,38.0
52.52400000,13.35521000,37.0
52.52396000,13.35555000,36.0
52.52391000,13.35587000,36.0
52.52386000,13.35618000,37.0
52.52384000,13.35649000,36.0
52.52382000,13.35680000,36.0
52.52379000,13.35710000,35.0
52.52378000,13.35740000,34.0
52.52377000,13.35750000,34.0
52.52374000,13.35780000,34.0
52.52371000,13.35811000,34.0
52.52367000,13.35840000,34.0
52.52364000,13.35872000,34.0
52.52358000,13.35902000,35.0
52.52355000,13.35934000,35.0
52.52351000,13.35964000,37.0
52.52348000,13.35992000,38.0
52.52346000,13.36026000,39.0
52.52343000,13.36055000,41.0
52.52339000,13.36085000,41.0
52.52334000,13.36114000,42.0
52.52331000,13.36124000,41.0
52.52326000,13.36153000,41.0
52.52324000,13.36163000,41.0
52.52324000,13.36168000,41.0
52.52323000,13.36177000,41.0
52.52320000,13.36209000,40.0
52.52317000,13.36239000,39.0
52.52316000,13.36271000,39.0
52.52314000,13.36301000,39.0
52.52312000,13.36322000,39.0
52.52314000,13.36354000,39.0
52.52306000,13.36381000,39.0
52.52304000,13.36393000,39.0
52.52295000,13.36419000,39.0
52.52290000,13.36449000,37.0
52.52284000,13.36474000,36.0
52.52284000,13.36506000,34.0
52.52282000,13.36532000,34.0
52.52278000,13.36562000,33.0
52.52274000,13.36594000,32.0
52.52270000,13.36624000,32.0
52.52270000,13.36660000,33.0
52.52268000,13.36695000,34.0
52.52268000,13.36701000,34.0
52.52266000,13.36734000,34.0
52.52263000,13.36764000,34.0
52.52263000,13.36770000,34.0
52.52260000,13.36799000,34.0
52.52243000,13.36822000,33.0
52.52228000,13.36841000,31.0
52.52213000,13.36865000,30.0
52.52199000,13.36885000,30.0
52.52187000,13.36905000,30.0
52.52172000,13.36929000,31.0
52.52156000,13.36953000,33.0
52.52141000,13.36976000,34.0
52.52137000,13.36984000,34.0
52.52124000,13.37005000,33.0
52.52110000,13.37030000,33.0
52.52098000,13.37055000,33.0
52.52095000,13.37088000,34.0
52.52094000,13.37119000,35.0
52.52095000,13.37152000,34.0
52.52097000,13.37183000,34.0
52.52095000,13.37215000,34.0
52.52092000,13.37244000,34.0
52.52092000,13.37278000,34.0
52.52094000,13.37311000,34.0
52.52094000,13.37345000,36.0
52.52095000,13.37378000,37.0
52.52103000,13.37406000,37.0
52.52113000,13.37433000,36.0
52.52127000,13.37458000,35.0
52.52140000,13.37480000,34.0
52.52153000,13.37501000,34.0
52.52167000,13.37525000,33.0
52.52172000,13.37536000,31.0
52.52182000,13.37559000,29.0
52.52187000,13.37571000,29.0
52.52199000,13.37601000,29.0
52.52207000,13.37629000,30.0
52.52212000,13.37658000,31.0
52.52219000,13.37685000,32.0
52.52229000,13.37712000,35.0
52.52230000,13.37717000,35.0
52.52240000,13.37740000,38.0
52.52258000,13.37753000,41.0
52.52258000,13.37788000,43.0
52.52260000,13.37819000,44.0
52.52262000,13.37843000,44.0
52.52264000,13.37872000,42.0
52.52267000,13.37904000,42.0
52.52273000,13.37932000,41.0
52.52275000,13.37963000,41.0
52.52279000,13.37995000,41.0
52.52282000,13.38020000,41.0
52.52288000,13.38048000,40.0
52.52296000,13.38079000,38.0
52.52298000,13.38112000,36.0
52.52302000,13.38145000,36.0
52.52307000,13.38174000,34.0
52.52311000,13.38202000,34.0
52.52317000,13.38223000,34.0
52.52315000,13.38233000,35.0
52.52310000,13.38263000,37.0
52.52318000,13.38294000,37.0
52.52314000,13.38327000,38.0
52.52315000,13.38359000,38.0
52.52321000,13.38391000,39.0
52.52332000,13.38419000,39.0
52.52339000,13.38434000,39.0
52.52340000,13.38442000,40.0
52.52351000,13.38463000,39.0
52.52359000,13.38491000,39.0
52.52364000,13.38522000,38.0
52.52366000,13.38545000,37.0
52.52370000,13.38576000,37.0
52.52372000,13.38581000,37.0
52.52379000,13.38610000,36.0
52.52383000,13.38641000,38.0
52.52388000,13.38673000,39.0
52.52394000,13.38697000,39.0
52.52396000,13.38709000,40.0
52.52397000,13.38716000,40.0
52.52398000,13.38725000,41.0
52.52401000,13.38733000,41.0
52.52405000,13.38739000,41.0
52.52407000,13.38743000,41.0
52.52417000,13.38747000,41.0
52.52438000,13.38746000,39.0
52.52456000,13.38752000,38.0
52.52477000,13.38751000,36.0
52.52496000,13.38747000,36.0
52.52518000,13.38750000,35.0
52.52534000,13.38745000,36.0
52.52553000,13.38736000,39.0
52.52574000,13.38735000,42.0
52.52593000,13.38735000,43.0
52.52611000,13.38740000,43.0
52.52608000,13.38734000,43.0
52.52628000,13.38736000,42.0
52.52646000,13.38734000,42.0
52.52666000,13.38731000,41.0
52.52672000,13.38727000,41.0
52.52683000,13.38720000,40.0
52.52701000,13.38715000,40.0
52.52701000,13.38723000,40.0
52.52701000,13.38732000,40.0
52.52698000,13.38752000,40.0
52.52708000,13.38779000,42.0
52.52720000,13.38805000,43.0
52.52731000,13.38834000,45.0
52.52739000,13.38854000,45.0
52.52750000,13.38879000,44.0
52.52758000,13.38906000,43.0
52.52764000,13.38936000,42.0
52.52776000,13.38966000,42.0
52.52784000,13.38991000,41.0
52.52792000,13.39019000,40.0
52.52801000,13.39046000,40.0
52.52806000,13.39077000,40.0
52.52808000,13.39085000,41.0
52.52812000,13.39100000,42.0
52.52815000,13.39125000,43.0
52.52819000,13.39156000,44.0
52.52820000,13.39162000,44.0
52.52823000,13.39172000,44.0
52.52832000,13.39203000,43.0
52.52834000,13.39232000,41.0
52.52836000,13.39262000,40.0
52.52841000,13.39292000,41.0
52.52849000,13.39323000,43.0
52.52855000,13.39354000,45.0
52.52855000,13.39358000,45.0
52.52862000,13.39387000,46.0
52.52870000,13.39417000,45.0
52.52876000,13.39444000,44.0
52.52885000,13.39477000,42.0
52.52890000,13.39509000,41.0
52.52899000,13.39534000,41.0
52.52903000,13.39557000,42.0
52.52913000,13.39587000,42.0
52.52920000,13.39618000,42.0
52.52922000,13.39637000,42.0
52.52929000,13.39666000,41.0
52.52937000,13.39679000,41.0
52.52942000,13.39694000,41.0
52.52946000,13.39713000,41.0
52.52952000,13.39744000,40.0
52.52953000,13.39754000,40.0
52.52958000,13.39786000,39.0
52.52965000,13.39817000,40.0
52.52967000,13.39824000,40.0
52.52969000,13.39831000,40.0
52.52974000,13.39848000,40.0
52.52974000,13.39858000,40.0
52.52975000,13.39888000,41.0
52.52975000,13.39894000,42.0
52.52976000,13.39900000,42.0
52.52976000,13.39905000,42.0
52.52976000,13.39911000,42.0
52.52975000,13.39922000,41.0
52.52974000,13.39943000,41.0
52.52972000,13.39968000,42.0
52.52968000,13.39976000,42.0
52.52964000,13.39979000,42.0
52.52962000,13.39980000,42.0
52.52960000,13.39985000,42.0
52.52960000,13.39986000,42.0
52.52959000,13.39986000,42.0
52.52959000,13.39987000,42.0
52.52958000,13.39988000,42.0
52.52957000,13.39989000,42.0
52.52956000,13.39989000,42.0
52.52959000,13.39993000,42.0
52.52965000,13.40024000,42.0
52.52973000,13.40048000,42.0
52.52976000,13.40069000,41.0
52.52980000,13.40100000,40.0
52.52981000,13.40117000,40.0
52.52983000,13.40127000,41.0
52.52984000,13.40143000,41.0
52.52985000,13.40163000,41.0
52.52985000,13.40178000,42.0
52.52988000,13.40209000,44.0
52.52988000,13.40214000,45.0
52.52990000,13.40230000,45.0
52.52991000,13.40240000,46.0
52.52993000,13.40255000,46.0
52.52995000,13.40265000,46.0
52.52995000,13.40269000,46.0
52.52997000,13.40286000,46.0
52.53000000,13.40295000,46.0
52.53010000,13.40323000,47.0
52.53010000,13.40329000,46.0
52.53010000,13.40357000,46.0
52.53004000,13.40387000,46.0
52.53001000,13.40416000,46.0
52.53000000,13.40448000,46.0
52.52998000,13.40464000,46.0
52.52994000,13.40483000,46.0
52.52992000,13.40497000,46.0
52.52985000,13.40527000,46.0
52.52983000,13.40533000,47.0
52.52976000,13.40561000,48.0
52.52972000,13.40582000,47.0
52.52967000,13.40614000,46.0
52.52962000,13.40646000,45.0
52.52954000,13.40673000,44.0
52.52950000,13.40704000,44.0
52.52950000,13.40709000,44.0
52.52949000,13.40723000,45.0
52.52946000,13.40738000,44.0
52.52941000,13.40769000,43.0
52.52936000,13.40799000,42.0
52.52934000,13.40819000,42.0
52.52931000,13.40828000,42.0
52.52926000,13.40846000,41.0
52.52924000,13.40861000,42.0
52.52922000,13.40873000,42.0
52.52916000,13.40906000,43.0
52.52915000,13.40912000,43.0
52.52908000,13.40943000,45.0
52.52904000,13.40957000,46.0
52.52902000,13.40967000,46.0
52.52893000,13.40999000,47.0
52.52887000,13.41027000,47.0
52.52885000,13.41060000,49.0
52.52884000,13.41066000,49.0
52.52878000,13.41099000,49.0
52.52871000,13.41125000,48.0
52.52860000,13.41154000,46.0
52.52848000,13.41179000,45.0
52.52837000,13.41207000,44.0
52.52831000,13.41238000,44.0
52.52830000,13.41243000,44.0
52.52822000,13.41271000,44.0
52.52820000,13.41301000,44.0
52.52813000,13.41329000,44.0
52.52803000,13.41357000,45.0
52.52792000,13.41383000,44.0
52.52782000,13.41408000,44.0
52.52770000,13.41433000,43.0
52.52766000,13.41437000,43.0
52.52751000,13.41456000,43.0
52.52749000,13.41460000,43.0
52.52738000,13.41492000,45.0
52.52735000,13.41499000,45.0
52.52722000,13.41525000,45.0
52.52708000,13.41544000,45.0
52.52704000,13.41549000,45.0
52.52697000,13.41559000,44.0
52.52691000,13.41570000,42.0
52.52684000,13.41581000,41.0
52.52677000,13.41597000,40.0
52.52662000,13.41621000,39.0
52.52648000,13.41641000,41.0
52.52636000,13.41652000,42.0
52.52624000,13.41676000,43.0
52.52618000,13.41686000,42.0
52.52608000,13.41715000,37.0
52.52598000,13.41743000,35.0
52.52591000,13.41770000,35.0
52.52581000,13.41797000,36.0
52.52576000,13.41810000,37.0
52.52573000,13.41819000,38.0
52.52565000,13.41850000,39.0
52.52556000,13.41880000,39.0
52.52550000,13.41894000,39.0
52.52537000,13.41926000,38.0
52.52527000,13.41953000,36.0
52.52517000,13.41987000,36.0
52.52509000,13.42018000,36.0
52.52499000,13.42046000,36.0
52.52497000,13.42046000,36.0
52.52492000,13.42037000,36.0
52.52487000,13.42022000,36.0
52.52475000,13.41997000,36.0
52.52471000,13.41968000,36.0
52.52462000,13.41940000,36.0
52.52447000,13.41914000,37.0
52.52433000,13.41888000,37.0
52.52417000,13.41868000,39.0
52.52402000,13.41849000,40.0
52.52384000,13.41831000,39.0
52.52367000,13.41817000,37.0
52.52352000,13.41798000,36.0
52.52347000,13.41792000,36.0
52.52333000,13.41773000,36.0
52.52317000,13.41754000,40.0
52.52298000,13.41738000,43.0
52.52280000,13.41722000,49.0
52.52276000,13.41720000,50.0
52.52262000,13.41697000,56.0
52.52246000,13.41689000,60.0
52.52221000,13.41731000,44.0
52.52207000,13.41708000,45.0
52.52202000,13.41704000,44.0
52.52197000,13.41740000,41.0
52.52189000,13.41755000,41.0
52.52180000,13.41786000,41.0
52.52171000,13.41815000,40.0
52.52163000,13.41843000,39.0
52.52155000,13.41873000,40.0
52.52149000,13.41895000,42.0
52.52139000,13.41925000,46.0
52.52128000,13.41953000,47.0
52.52122000,13.41979000,46.0
52.52113000,13.42009000,47.0
52.52104000,13.42037000,45.0
52.52095000,13.42068000,45.0
52.52086000,13.42095000,45.0
52.52078000,13.42124000,46.0
52.52070000,13.42152000,44.0
52.52062000,13.42181000,43.0
52.52059000,13.42191000,42.0
52.52056000,13.42199000,41.0
52.52054000,13.42207000,41.0
52.52049000,13.42221000,41.0
52.52048000,13.42225000,41.0
52.52046000,13.42230000,41.0
52.52044000,13.42238000,41.0
52.52036000,13.42255000,41.0
52.52027000,13.42281000,41.0
52.52019000,13.42310000,41.0
52.52010000,13.42339000,40.0
52.52002000,13.42366000,41.0
52.51994000,13.42393000,41.0
52.51985000,13.42422000,42.0
52.51973000,13.42451000,43.0
52.51964000,13.42481000,42.0
52.51958000,13.42509000,42.0
52.51948000,13.42539000,42.0
52.51939000,13.42567000,41.0
52.51930000,13.42593000,40.0
52.51930000,13.42596000,40.0
52.51925000,13.42625000,40.0
52.51920000,13.42644000,40.0
52.51914000,13.42669000,40.0
52.51911000,13.42685000,41.0
52.51905000,13.42710000,42.0
52.51900000,13.42739000,43.0
52.51898000,13.42772000,42.0
52.51896000,13.42804000,41.0
52.51896000,13.42823000,40.0
52.51892000,13.42856000,40.0
52.51882000,13.42882000,40.0
52.51869000,13.42904000,40.0
52.51852000,13.42914000,39.0
52.51832000,13.42904000,38.0
52.51821000,13.42877000,37.0
52.51817000,13.42846000,37.0
52.51817000,13.42813000,38.0
52.51816000,13.42804000,38.0
52.51799000,13.42788000,38.0
52.51781000,13.42775000,39.0
52.51764000,13.42764000,40.0
52.51745000,13.42754000,40.0
52.51726000,13.42742000,39.0
52.51708000,13.42730000,40.0
52.51690000,13.42714000,40.0
52.51672000,13.42702000,38.0
52.51654000,13.42687000,36.0
52.51638000,13.42671000,36.0
52.51620000,13.42658000,36.0
52.51604000,13.42646000,37.0
52.51587000,13.42630000,38.0
52.51571000,13.42615000,38.0
52.51562000,13.42608000,38.0
52.51545000,13.42596000,37.0
52.51528000,13.42577000,36.0
52.51511000,13.42563000,37.0
52.51494000,13.42552000,37.0
52.51477000,13.42534000,37.0
52.51459000,13.42520000,36.0
52.51443000,13.42504000,36.0
52.51428000,13.42485000,35.0
52.51413000,13.42470000,34.0
52.51395000,13.42453000,34.0
52.51378000,13.42439000,35.0
52.51358000,13.42425000,35.0
52.51342000,13.42408000,36.0
52.51327000,13.42389000,37.0
52.51309000,13.42372000,38.0
52.51291000,13.42361000,37.0
52.51275000,13.42344000,37.0
52.51256000,13.42332000,34.0
52.51250000,13.42327000,34.0
52.51233000,13.42311000,33.0
52.51216000,13.42293000,34.0
52.51198000,13.42277000,34.0
52.51190000,13.42272000,35.0
52.51172000,13.42255000,36.0
52.51154000,13.42242000,37.0
52.51137000,13.42229000,38.0
52.51120000,13.42216000,39.0
52.51102000,13.42201000,40.0
52.51085000,13.42184000,39.0
52.51075000,13.42175000,38.0
52.51057000,13.42157000,37.0
52.51050000,13.42156000,37.0
52.51032000,13.42143000,37.0
52.51012000,13.42136000,35.0
52.50994000,13.42129000,34.0
52.50981000,13.42113000,34.0
52.50989000,13.42084000,34.0
52.50998000,13.42055000,34.0
52.51008000,13.42024000,34.0
52.51016000,13.41994000,35.0
52.51025000,13.41967000,36.0
52.51034000,13.41937000,37.0
52.51041000,13.41909000,37.0
52.51049000,13.41878000,37.0
52.51058000,13.41850000,38.0
52.51059000,13.41845000,38.0
52.51069000,13.41816000,37.0
52.51078000,13.41788000,36.0
52.51084000,13.41757000,34.0
52.51089000,13.41723000,33.0
52.51096000,13.41695000,33.0
52.51100000,13.41663000,33.0
52.51089000,13.41638000,35.0
52.51072000,13.41623000,36.0
52.51056000,13.41612000,37.0
52.51038000,13.41596000,39.0
52.51018000,13.41582000,39.0
52.50998000,13.41569000,38.0
52.50979000,13.41557000,37.0
52.50960000,13.41541000,35.0
52.50941000,13.41528000,34.0
52.50924000,13.41515000,34.0
52.50906000,13.41503000,34.0
52.50888000,13.41492000,35.0
52.50870000,13.41479000,37.0
52.50853000,13.41465000,38.0
52.50837000,13.41454000,39.0
52.50827000,13.41450000,39.0
52.50809000,13.41442000,39.0
52.50795000,13.41431000,39.0
52.50793000,13.41429000,39.0
52.50783000,13.41419000,39.0
52.50774000,13.41408000,38.0
52.50760000,13.41385000,38.0
52.50746000,13.41366000,39.0
52.50732000,13.41346000,40.0
52.50715000,13.41332000,40.0
52.50698000,13.41316000,38.0
52.50679000,13.41313000,37.0
52.50677000,13.41311000,37.0
52.50659000,13.41299000,35.0
52.50641000,13.41289000,33.0
52.50623000,13.41279000,33.0
52.50605000,13.41268000,34.0
52.50588000,13.41255000,34.0
52.50571000,13.41240000,34.0
52.50554000,13.41224000,33.0
52.50537000,13.41212000,33.0
52.50519000,13.41195000,33.0
52.50501000,13.41178000,35.0
52.50485000,13.41166000,37.0
52.50468000,13.41153000,40.0
52.50449000,13.41138000,42.0
52.50430000,13.41123000,41.0
52.50411000,13.41107000,39.0
52.50397000,13.41094000,37.0
52.50386000,13.41067000,36.0
52.50368000,13.41046000,35.0
52.50349000,13.41039000,35.0
52.50331000,13.41044000,35.0
52.50313000,13.41030000,35.0
52.50295000,13.41017000,35.0
52.50278000,13.41004000,35.0
52.50259000,13.40988000,35.0
52.50240000,13.40972000,37.0
52.50224000,13.40959000,37.0
52.50207000,13.40948000,35.0
52.50189000,13.40942000,35.0
52.50172000,13.40955000,35.0
52.50157000,13.40978000,35.0
52.50147000,13.41007000,36.0
52.50140000,13.41035000,36.0
52.50133000,13.41067000,38.0
52.50129000,13.41098000,39.0
52.50127000,13.41133000,39.0
52.50119000,13.41163000,39.0
52.50112000,13.41183000,39.0
52.50104000,13.41211000,38.0
52.50094000,13.41226000,37.0
52.50085000,13.41255000,39.0
52.50083000,13.41260000,40.0
52.50075000,13.41290000,41.0
52.50065000,13.41313000,41.0
52.50064000,13.41319000,41.0
52.50062000,13.41324000,41.0
52.50059000,13.41335000,42.0
52.50056000,13.41346000,41.0
52.50048000,13.41377000,40.0
52.50040000,13.41406000,38.0
52.50031000,13.41435000,37.0
52.50022000,13.41461000,37.0
52.50011000,13.41487000,39.0
52.50000000,13.41516000,40.0
52.49995000,13.41548000,40.0
52.49987000,13.41574000,41.0
52.49979000,13.41603000,41.0
52.49974000,13.41631000,40.0
52.49963000,13.41659000,40.0
52.49959000,13.41692000,40.0
52.49948000,13.41721000,40.0
52.49940000,13.41750000,41.0
52.49930000,13.41777000,40.0
52.49911000,13.41789000,39.0
52.49893000,13.41798000,39.0
52.49882000,13.41822000,38.0
52.49873000,13.41852000,38.0
52.49856000,13.41863000,38.0
52.49837000,13.41866000,39.0
52.49818000,13.41876000,39.0
52.49811000,13.41880000,39.0
52.49793000,13.41890000,39.0
52.49773000,13.41903000,39.0
52.49755000,13.41916000,39.0
52.49738000,13.41927000,40.0
52.49732000,13.41930000,40.0
52.49714000,13.41942000,40.0
52.49696000,13.41953000,40.0
52.49677000,13.41963000,41.0
52.49658000,13.41972000,40.0
52.49656000,13.41974000,40.0
52.49637000,13.41985000,40.0
52.49619000,13.41998000,40.0
52.49605000,13.42005000,39.0
52.49597000,13.42009000,39.0
52.49580000,13.42023000,38.0
52.49562000,13.42038000,38.0
52.49554000,13.42045000,38.0
52.49535000,13.42061000,40.0
52.49516000,13.42071000,41.0
52.49498000,13.42080000,42.0
52.49484000,13.42097000,41.0
52.49467000,13.42115000,40.0
52.49447000,13.42126000,40.0
52.49428000,13.42132000,39.0
52.49409000,13.42136000,38.0
52.49392000,13.42155000,37.0
52.49374000,13.42164000,37.0
52.49371000,13.42167000,37.0
52.49354000,13.42185000,39.0
52.49334000,13.42198000,43.0
52.49317000,13.42205000,43.0
52.49299000,13.42214000,42.0
52.49279000,13.42226000,41.0
52.49261000,13.42233000,40.0
52.49242000,13.42248000,41.0
52.49225000,13.42256000,42.0
52.49206000,13.42263000,43.0
52.49187000,13.42273000,43.0
52.49169000,13.42290000,43.0
52.49152000,13.42303000,42.0
52.49133000,13.42316000,42.0
52.49114000,13.42328000,43.0
52.49097000,13.42339000,44.0
52.49079000,13.42350000,44.0
52.49061000,13.42360000,42.0
52.49044000,13.42369000,41.0
52.49040000,13.42370000,41.0
52.49022000,13.42382000,40.0
52.49006000,13.42396000,40.0
52.48987000,13.42405000,42.0
52.48968000,13.42421000,45.0
52.48966000,13.42422000,45.0
52.48949000,13.42434000,47.0
52.48940000,13.42439000,47.0
52.48923000,13.42455000,45.0
52.48910000,13.42462000,43.0
52.48902000,13.42467000,42.0
52.48898000,13.42469000,42.0
52.48892000,13.42472000,41.0
52.48889000,13.42473000,41.0
52.48883000,13.42476000,40.0
52.48878000,13.42477000,40.0
52.48864000,13.42484000,39.0
52.48846000,13.42491000,40.0
52.48829000,13.42506000,42.0
52.48810000,13.42513000,42.0
52.48791000,13.42516000,42.0
52.48771000,13.42509000,42.0
52.48753000,13.42494000,43.0
52.48733000,13.42481000,43.0
52.48713000,13.42468000,43.0
52.48695000,13.42454000,43.0
52.48678000,13.42436000,43.0
52.48662000,13.42416000,44.0
52.48660000,13.42385000,45.0
52.48672000,13.42358000,44.0
52.48681000,13.42332000,44.0
52.48691000,13.42303000,43.0
52.48700000,13.42272000,41.0
52.48709000,13.42242000,39.0
52.48717000,13.42214000,39.0
52.48726000,13.42187000,40.0
52.48733000,13.42159000,40.0
52.48738000,13.42128000,40.0
52.48740000,13.42095000,41.0
52.48744000,13.42065000,41.0
52.48747000,13.42030000,41.0
52.48750000,13.42001000,41.0
52.48754000,13.41967000,41.0
52.48759000,13.41936000,41.0
52.48763000,13.41904000,41.0
52.48770000,13.41875000,41.0
52.48774000,13.41856000,43.0
52.48778000,13.41827000,43.0
52.48784000,13.41797000,43.0
52.48788000,13.41767000,42.0
52.48789000,13.41733000,41.0
52.48791000,13.41704000,41.0
52.48796000,13.41674000,43.0
52.48799000,13.41641000,42.0
52.48802000,13.41607000,42.0
52.48806000,13.41575000,42.0
52.48811000,13.41544000,41.0
52.48814000,13.41519000,41.0
52.48818000,13.41486000,41.0
52.48823000,13.41453000,41.0
52.48829000,13.41422000,41.0
52.48833000,13.41390000,41.0
52.48837000,13.41360000,39.0
52.48840000,13.41328000,39.0
52.48845000,13.41297000,39.0
52.48851000,13.41267000,40.0
52.48855000,13.41236000,40.0
52.48860000,13.41205000,41.0
52.48867000,13.41177000,42.0
52.48873000,13.41147000,43.0
52.48875000,13.41116000,43.0
52.48878000,13.41083000,44.0
52.48880000,13.41051000,44.0
52.48884000,13.41021000,45.0
52.48892000,13.40991000,45.0
52.48896000,13.40960000,45.0
52.48900000,13.40929000,44.0
52.48902000,13.40895000,43.0
52.48903000,13.40883000,42.0
52.48904000,13.40867000,42.0
52.48909000,13.40840000,41.0
52.48910000,13.40835000,41.0
52.48911000,13.40830000,41.0
52.48913000,13.40819000,41.0
52.48914000,13.40814000,41.0
52.48915000,13.40809000,41.0
52.48917000,13.40798000,40.0
52.48924000,13.40768000,39.0
52.48933000,13.40739000,39.0
52.48940000,13.40708000,38.0
52.48948000,13.40681000,37.0
52.48958000,13.40653000,38.0
52.48960000,13.40620000,40.0
52.48959000,13.40589000,42.0
52.48960000,13.40557000,44.0
52.48966000,13.40528000,45.0
52.48973000,13.40496000,45.0
52.48979000,13.40466000,45.0
52.48982000,13.40433000,45.0
52.48986000,13.40404000,44.0
52.48994000,13.40372000,43.0
52.49003000,13.40341000,42.0
52.49010000,13.40312000,43.0
52.49013000,13.40281000,43.0
52.49017000,13.40254000,44.0
52.49022000,13.40226000,44.0
52.49028000,13.40198000,44.0
52.49034000,13.40168000,43.0
52.49038000,13.40135000,42.0
52.49046000,13.40105000,41.0
52.49055000,13.40077000,40.0
52.49063000,13.40046000,39.0
52.49068000,13.40012000,38.0
52.49073000,13.39980000,37.0
52.49082000,13.39949000,36.0
52.49090000,13.39920000,35.0
52.49100000,13.39890000,35.0
52.49106000,13.39861000,37.0
52.49112000,13.39831000,38.0
52.49119000,13.39799000,39.0
52.49126000,13.39768000,41.0
52.49131000,13.39739000,42.0
52.49135000,13.39706000,42.0
52.49139000,13.39674000,42.0
52.49144000,13.39642000,41.0
52.49150000,13.39614000,40.0
52.49156000,13.39584000,40.0
52.49157000,13.39555000,39.0
52.49162000,13.39523000,40.0
52.49169000,13.39495000,41.0
52.49174000,13.39480000,42.0
52.49180000,13.39448000,42.0
52.49184000,13.39418000,43.0
52.49189000,13.39388000,43.0
52.49196000,13.39360000,44.0
52.49202000,13.39332000,44.0
52.49209000,13.39301000,44.0
52.49213000,13.39270000,43.0
52.49214000,13.39240000,42.0
52.49222000,13.39211000,42.0
52.49229000,13.39183000,42.0
52.49236000,13.39154000,41.0
52.49240000,13.39132000,40.0
52.49247000,13.39100000,39.0
52.49251000,13.39071000,37.0
52.49257000,13.39042000,37.0
52.49262000,13.39012000,38.0
52.49270000,13.38984000,39.0
52.49279000,13.38955000,40.0
52.49283000,13.38942000,41.0
52.49289000,13.38912000,42.0
52.49292000,13.38881000,42.0
52.49295000,13.38846000,41.0
52.49301000,13.38817000,41.0
52.49306000,13.38786000,42.0
52.49312000,13.38754000,41.0
52.49317000,13.38720000,41.0
52.49325000,13.38689000,42.0
52.49333000,13.38660000,41.0
52.49338000,13.38644000,41.0
52.49346000,13.38615000,41.0
52.49349000,13.38583000,42.0
52.49353000,13.38550000,42.0
52.49360000,13.38520000,40.0
52.49366000,13.38489000,40.0
52.49374000,13.38459000,41.0
52.49380000,13.38428000,41.0
52.49382000,13.38395000,42.0
52.49383000,13.38361000,41.0
52.49380000,13.38329000,40.0
52.49369000,13.38302000,38.0
52.49359000,13.38275000,38.0
52.49351000,13.38248000,41.0
52.49343000,13.38221000,43.0
52.49334000,13.38193000,44.0
52.49324000,13.38163000,44.0
52.49318000,13.38136000,43.0
52.49314000,13.38121000,43.0
52.49307000,13.38093000,42.0
52.49301000,13.38061000,42.0
52.49292000,13.38034000,41.0
52.49290000,13.38029000,41.0
52.49288000,13.38023000,41.0
52.49286000,13.38018000,41.0
52.49285000,13.38007000,41.0
52.49277000,13.37980000,41.0
52.49272000,13.37965000,40.0
52.49262000,13.37939000,40.0
52.49251000,13.37912000,37.0
52.49241000,13.37883000,36.0
52.49231000,13.37854000,36.0
52.49226000,13.37841000,36.0
52.49216000,13.37816000,37.0
52.49214000,13.37811000,37.0
52.49212000,13.37807000,37.0
52.49211000,13.37803000,37.0
52.49210000,13.37799000,37.0
52.49207000,13.37789000,38.0
52.49203000,13.37775000,38.0
52.49191000,13.37748000,38.0
52.49188000,13.37739000,38.0
52.49180000,13.37711000,38.0
52.49170000,13.37682000,38.0
52.49164000,13.37653000,37.0
52.49168000,13.37622000,37.0
52.49181000,13.37598000,36.0
52.49191000,13.37575000,34.0
52.49194000,13.37571000,34.0
52.49203000,13.37544000,34.0
52.49209000,13.37526000,34.0
52.49216000,13.37510000,34.0
52.49219000,13.37479000,34.0
52.49222000,13.37442000,36.0
52.49229000,13.37410000,37.0
52.49230000,13.37398000,37.0
52.49230000,13.37363000,36.0
52.49230000,13.37330000,35.0
52.49236000,13.37301000,35.0
52.49246000,13.37273000,35.0
52.49252000,13.37242000,36.0
52.49258000,13.37214000,36.0
52.49254000,13.37178000,37.0
52.49258000,13.37146000,37.0
52.49266000,13.37115000,36.0
52.49268000,13.37080000,36.0
52.49276000,13.37052000,35.0
52.49286000,13.37025000,35.0
52.49295000,13.36998000,35.0
52.49301000,13.36968000,34.0
52.49312000,13.36943000,33.0
52.49315000,13.36913000,33.0
52.49321000,13.36884000,33.0
52.49329000,13.36854000,34.0
52.49334000,13.36840000,35.0
52.49338000,13.36810000,36.0
52.49337000,13.36776000,38.0
52.49340000,13.36758000,38.0
52.49346000,13.36726000,38.0
52.49350000,13.36694000,38.0
52.49357000,13.36661000,38.0
52.49364000,13.36630000,39.0
52.49372000,13.36601000,39.0
52.49378000,13.36571000,41.0
52.49383000,13.36541000,41.0
52.49391000,13.36512000,40.0
52.49396000,13.36484000,39.0
52.49401000,13.36452000,37.0
52.49402000,13.36418000,36.0
52.49406000,13.36385000,35.0
52.49410000,13.36353000,35.0
52.49415000,13.36323000,36.0
52.49420000,13.36292000,38.0
52.49425000,13.36262000,38.0
52.49430000,13.36231000,38.0
52.49435000,13.36199000,37.0
52.49440000,13.36170000,37.0
52.49444000,13.36140000,38.0
52.49440000,13.36111000,38.0
52.49425000,13.36095000,39.0
52.49405000,13.36089000,40.0
52.49385000,13.36088000,41.0
52.49363000,13.36090000,43.0
52.49345000,13.36089000,44.0
52.49326000,13.36089000,44.0
52.49306000,13.36087000,43.0
52.49286000,13.36087000,44.0
52.49267000,13.36086000,43.0
52.49248000,13.36082000,41.0
52.49228000,13.36080000,38.0
52.49208000,13.36078000,37.0
52.49189000,13.36076000,37.0
52.49170000,13.36076000,37.0
52.49149000,13.36073000,38.0
52.49131000,13.36068000,39.0
52.49119000,13.36065000,39.0
52.49100000,13.36054000,38.0
52.49084000,13.36038000,38.0
52.49066000,13.36020000,37.0
52.49062000,13.36014000,37.0
52.49062000,13.35982000,38.0
52.49061000,13.35950000,38.0
52.49058000,13.35917000,39.0
52.49055000,13.35888000,39.0
52.49052000,13.35859000,38.0
52.49048000,13.35828000,38.0
52.49041000,13.35800000,36.0
52.49036000,13.35769000,37.0
52.49034000,13.35736000,40.0
52.49032000,13.35706000,43.0
52.49030000,13.35675000,47.0
52.49028000,13.35654000,49.0
52.49023000,13.35622000,51.0
52.49021000,13.35586000,51.0
52.49016000,13.35555000,49.0
52.49012000,13.35521000,46.0
52.49010000,13.35489000,46.0
52.49001000,13.35457000,49.0
52.48997000,13.35428000,51.0
52.48993000,13.35398000,52.0
52.48990000,13.35369000,50.0
52.48990000,13.35338000,48.0
52.48986000,13.35309000,46.0
52.48983000,13.35274000,45.0
52.48981000,13.35242000,44.0
52.48978000,13.35211000,44.0
52.48976000,13.35180000,44.0
52.48973000,13.35147000,44.0
52.48972000,13.35117000,44.0
52.48971000,13.35085000,44.0
52.48967000,13.35057000,44.0
52.48962000,13.35025000,46.0
52.48957000,13.34994000,46.0
52.48955000,13.34963000,46.0
52.48951000,13.34931000,46.0
52.48947000,13.34901000,45.0
52.48944000,13.34869000,43.0
52.48941000,13.34839000,41.0
52.48940000,13.34808000,39.0
52.48939000,13.34777000,39.0
52.48936000,13.34745000,42.0
52.48929000,13.34713000,44.0
52.48929000,13.34681000,47.0
52.48926000,13.34661000,47.0
52.48925000,13.34628000,45.0
52.48920000,13.34598000,43.0
52.48918000,13.34566000,41.0
52.48919000,13.34533000,40.0
52.48909000,13.34505000,40.0
52.48890000,13.34490000,43.0
52.48871000,13.34484000,44.0
52.48856000,13.34480000,44.0
52.48838000,13.34486000,44.0
52.48825000,13.34487000,44.0
52.48822000,13.34486000,44.0
52.48819000,13.34485000,44.0
52.48816000,13.34486000,44.0
52.48804000,13.34486000,43.0
52.48798000,13.34486000,43.0
52.48784000,13.34487000,43.0
52.48765000,13.34488000,42.0
52.48747000,13.34488000,42.0
52.48728000,13.34486000,42.0
52.48709000,13.34489000,42.0
52.48706000,13.34488000,43.0
52.48700000,13.34488000,43.0
52.48694000,13.34487000,43.0
52.48687000,13.34489000,43.0
52.48684000,13.34489000,43.0
52.48677000,13.34490000,44.0
52.48670000,13.34492000,44.0
52.48667000,13.34493000,44.0
52.48657000,13.34494000,44.0
52.48637000,13.34496000,44.0
52.48618000,13.34496000,43.0
52.48596000,13.34496000,43.0
52.48577000,13.34500000,42.0
52.48558000,13.34503000,42.0
52.48539000,13.34501000,40.0
52.48519000,13.34500000,39.0
52.48500000,13.34499000,40.0
52.48481000,13.34499000,41.0
52.48463000,13.34503000,42.0
52.48443000,13.34504000,41.0
52.48425000,13.34507000,41.0
52.48407000,13.34507000,41.0
52.48387000,13.34511000,41.0
52.48367000,13.34506000,42.0
52.48348000,13.34504000,44.0
52.48328000,13.34505000,44.0
52.48325000,13.34505000,44.0
52.48304000,13.34500000,43.0
52.48285000,13.34495000,42.0
52.48265000,13.34489000,42.0
52.48246000,13.34487000,42.0
52.48226000,13.34484000,43.0
52.48207000,13.34478000,43.0
52.48188000,13.34477000,42.0
52.48170000,13.34478000,42.0
52.48150000,13.34480000,42.0
52.48129000,13.34485000,43.0
52.48109000,13.34486000,45.0
52.48089000,13.34489000,44.0
52.48086000,13.34489000,44.0
52.48069000,13.34492000,43.0
52.48053000,13.34491000,43.0
52.48034000,13.34490000,45.0
52.48016000,13.34491000,46.0
52.47995000,13.34488000,47.0
52.47975000,13.34485000,46.0
52.47956000,13.34483000,45.0
52.47936000,13.34479000,44.0
52.47918000,13.34464000,43.0
52.47899000,13.34446000,43.0
52.47885000,13.34425000,41.0
52.47869000,13.34401000,40.0
52.47855000,13.34381000,38.0
52.47840000,13.34360000,38.0
52.47825000,13.34341000,38.0
52.47810000,13.34321000,40.0
52.47795000,13.34304000,41.0
52.47778000,13.34286000,41.0
52.47762000,13.34267000,40.0
52.47748000,13.34248000,40.0
52.47733000,13.34230000,39.0
52.47717000,13.34211000,39.0
52.47702000,13.34190000,40.0
52.47696000,13.34183000,40.0
52.47677000,13.34167000,43.0
52.47662000,13.34151000,45.0
52.47645000,13.34132000,47.0
52.47630000,13.34110000,47.0
52.47617000,13.34090000,46.0
52.47602000,13.34068000,46.0
52.47586000,13.34048000,45.0
52.47571000,13.34030000,45.0
52.47555000,13.34008000,43.0
52.47542000,13.33986000,45.0
52.47527000,13.33964000,46.0
52.47513000,13.33943000,46.0
52.47499000,13.33924000,46.0
52.47483000,13.33905000,47.0
52.47467000,13.33889000,47.0
52.47449000,13.33872000,48.0
52.47446000,13.33869000,48.0
52.47430000,13.33848000,47.0
52.47416000,13.33827000,46.0
52.47402000,13.33807000,46.0
52.47386000,13.33788000,46.0
52.47369000,13.33770000,47.0
52.47354000,13.33753000,47.0
52.47339000,13.33730000,47.0
52.47325000,13.33710000,46.0
52.47311000,13.33690000,46.0
52.47296000,13.33670000,46.0
52.47279000,13.33649000,46.0
52.47277000,13.33646000,47.0
52.47263000,13.33626000,47.0
52.47247000,13.33608000,48.0
52.47231000,13.33591000,48.0
52.47216000,13.33573000,48.0
52.47200000,13.33556000,48.0
52.47185000,13.33540000,46.0
52.47169000,13.33524000,45.0
52.47155000,13.33505000,45.0
52.47140000,13.33488000,47.0
52.47126000,13.33470000,48.0
52.47114000,13.33459000,49.0
52.47111000,13.33456000,49.0
52.47108000,13.33454000,50.0
52.47103000,13.33450000,50.0
52.47098000,13.33445000,50.0
52.47086000,13.33437000,51.0
52.47069000,13.33422000,51.0
52.47053000,13.33405000,52.0
52.47037000,13.33386000,51.0
52.47021000,13.33368000,50.0
52.47004000,13.33353000,50.0
52.46989000,13.33337000,50.0
52.46979000,13.33326000,50.0
52.46964000,13.33307000,50.0
52.46948000,13.33291000,52.0
52.46938000,13.33280000,53.0
52.46932000,13.33275000,53.0
52.46924000,13.33267000,54.0
52.46919000,13.33260000,54.0
52.46915000,13.33242000,53.0
52.46916000,13.33238000,53.0
52.46930000,13.33216000,51.0
52.46944000,13.33192000,49.0
52.46958000,13.33169000,50.0
52.46971000,13.33149000,50.0
52.46986000,13.33131000,50.0
52.47001000,13.33112000,52.0
52.47014000,13.33087000,51.0
52.47018000,13.33057000,50.0
52.47031000,13.33031000,49.0
52.47044000,13.33007000,49.0
52.47057000,13.32983000,50.0
52.47071000,13.32961000,49.0
52.47074000,13.32958000,49.0
52.47089000,13.32937000,48.0
52.47101000,13.32919000,46.0
52.47118000,13.32902000,45.0
52.47130000,13.32881000,45.0
52.47129000,13.32848000,45.0
52.47130000,13.32844000,45.0
52.47142000,13.32815000,45.0
52.47150000,13.32786000,45.0
52.47153000,13.32756000,45.0
52.47156000,13.32724000,46.0
52.47157000,13.32714000,46.0
52.47158000,13.32682000,48.0
52.47160000,13.32648000,49.0
52.47161000,13.32616000,50.0
52.47157000,13.32580000,49.0
52.47156000,13.32546000,49.0
52.47155000,13.32516000,47.0
52.47155000,13.32480000,45.0
52.47152000,13.32447000,45.0
52.47149000,13.32417000,46.0
52.47143000,13.32388000,46.0
52.47148000,13.32356000,46.0
52.47153000,13.32323000,46.0
52.47158000,13.32292000,45.0
52.47162000,13.32263000,45.0
52.47163000,13.32231000,44.0
52.47162000,13.32200000,45.0
52.47156000,13.32169000,46.0
52.47154000,13.32137000,48.0
52.47157000,13.32108000,49.0
52.47162000,13.32077000,50.0
52.47163000,13.32046000,50.0
52.47160000,13.32024000,48.0
52.47160000,13.31992000,48.0
52.47155000,13.31960000,48.0
52.47144000,13.31935000,48.0
52.47129000,13.31910000,49.0
52.47118000,13.31886000,49.0
52.47103000,13.31861000,50.0
52.47092000,13.31837000,50.0
52.47078000,13.31812000,51.0
52.47076000,13.31808000,51.0
52.47063000,13.31786000,51.0
52.47051000,13.31762000,50.0
52.47041000,13.31734000,49.0
52.47033000,13.31707000,47.0
52.47018000,13.31686000,47.0
52.47006000,13.31658000,47.0
52.46997000,13.31632000,46.0
52.46985000,13.31604000,46.0
52.46982000,13.31596000,46.0
52.46971000,13.31568000,47.0
52.46963000,13.31539000,47.0
52.46953000,13.31513000,47.0
52.46940000,13.31485000,48.0
52.46933000,13.31467000,50.0
52.46922000,13.31440000,51.0
52.46911000,13.31416000,50.0
52.46903000,13.31389000,50.0
52.46895000,13.31359000,49.0
52.46888000,13.31341000,49.0
52.46880000,13.31309000,49.0
52.46872000,13.31283000,49.0
52.46865000,13.31265000,49.0
52.46857000,13.31233000,48.0
52.46847000,13.31205000,47.0
52.46839000,13.31178000,45.0
52.46830000,13.31149000,44.0
52.46818000,13.31120000,44.0
52.46813000,13.31103000,44.0
52.46802000,13.31075000,45.0
52.46791000,13.31046000,45.0
52.46783000,13.31017000,44.0
52.46773000,13.30987000,44.0
52.46765000,13.30959000,45.0
52.46760000,13.30940000,45.0
52.46759000,13.30916000,46.0
52.46773000,13.30898000,46.0
52.46788000,13.30879000,47.0
52.46804000,13.30859000,48.0
52.46819000,13.30840000,49.0
52.46828000,13.30828000,48.0
52.46829000,13.30819000,48.0
52.46821000,13.30787000,46.0
52.46816000,13.30776000,46.0
52.46805000,13.30753000,46.0
52.46793000,13.30726000,46.0
52.46780000,13.30699000,48.0
52.46773000,13.30671000,49.0
52.46771000,13.30653000,49.0
52.46775000,13.30622000,50.0
52.46782000,13.30593000,50.0
52.46784000,13.30579000,50.0
52.46789000,13.30550000,50.0
52.46794000,13.30517000,50.0
52.46799000,13.30489000,50.0
52.46802000,13.30458000,50.0
52.46807000,13.30430000,50.0
52.46814000,13.30401000,50.0
52.46819000,13.30368000,50.0
52.46823000,13.30337000,50.0
52.46823000,13.30331000,50.0
52.46828000,13.30302000,50.0
52.46832000,13.30273000,51.0
52.46839000,13.30243000,53.0
52.46840000,13.30233000,53.0
52.46846000,13.30200000,54.0
52.46852000,13.30168000,53.0
52.46855000,13.30144000,52.0
52.46860000,13.30114000,51.0
52.46866000,13.30086000,50.0
52.46870000,13.30052000,51.0
52.46867000,13.30019000,51.0
52.46870000,13.29986000,51.0
52.46872000,13.29969000,52.0
52.46878000,13.29937000,52.0
52.46889000,13.29909000,52.0
52.46898000,13.29884000,53.0
52.46902000,13.29874000,53.0
52.46906000,13.29842000,55.0
52.46912000,13.29811000,55.0
52.46918000,13.29782000,54.0
52.46926000,13.29751000,54.0
52.46931000,13.29723000,54.0
52.46941000,13.29697000,54.0
52.46948000,13.29668000,55.0
52.46954000,13.29637000,54.0
52.46960000,13.29606000,53.0
52.46966000,13.29573000,52.0
52.46969000,13.29541000,52.0
52.46970000,13.29507000,53.0
52.46971000,13.29502000,53.0
52.46974000,13.29485000,53.0
52.46977000,13.29472000,53.0
52.46981000,13.29440000,54.0
52.46988000,13.29411000,55.0
52.46994000,13.29383000,56.0
52.46998000,13.29373000,56.0
52.47004000,13.29341000,56.0
52.47008000,13.29309000,56.0
52.47015000,13.29280000,55.0
52.47024000,13.29250000,55.0
52.47021000,13.29216000,55.0
52.47020000,13.29189000,55.0
52.47025000,13.29156000,55.0
52.47032000,13.29129000,55.0
52.47033000,13.29096000,54.0
52.47033000,13.29086000,54.0
52.47036000,13.29056000,53.0
52.47046000,13.29027000,52.0
52.47049000,13.29018000,52.0
52.47053000,13.29008000,52.0
52.47067000,13.28986000,51.0
52.47070000,13.28978000,51.0
52.47074000,13.28955000,51.0
52.47085000,13.28929000,52.0
52.47100000,13.28906000,53.0
52.47114000,13.28886000,55.0
52.47128000,13.28866000,56.0
52.47145000,13.28850000,56.0
52.47157000,13.28827000,55.0
52.47173000,13.28804000,55.0
52.47188000,13.28786000,54.0
52.47202000,13.28764000,54.0
52.47216000,13.28743000,54.0
52.47231000,13.28722000,54.0
52.47246000,13.28700000,54.0
52.47262000,13.28680000,54.0
52.47273000,13.28668000,54.0
52.47288000,13.28649000,53.0
52.47306000,13.28630000,53.0
52.47320000,13.28610000,53.0
52.47334000,13.28591000,52.0
52.47348000,13.28568000,53.0
52.47364000,13.28545000,53.0
52.47377000,13.28525000,53.0
52.47393000,13.28504000,52.0
52.47408000,13.28483000,52.0
52.47423000,13.28463000,53.0
52.47438000,13.28444000,53.0
52.47453000,13.28423000,53.0
52.47467000,13.28404000,54.0
52.47481000,13.28381000,53.0
52.47496000,13.28361000,53.0
52.47510000,13.28342000,53.0
52.47520000,13.28325000,53.0
52.47534000,13.28305000,53.0
52.47551000,13.28287000,53.0
52.47567000,13.28265000,52.0
52.47583000,13.28245000,50.0
52.47599000,13.28226000,51.0
52.47612000,13.28203000,50.0
52.47628000,13.28183000,51.0
52.47637000,13.28173000,51.0
52.47653000,13.28154000,51.0
52.47668000,13.28133000,50.0
52.47686000,13.28127000,51.0
52.47703000,13.28144000,52.0
52.47716000,13.28168000,52.0
52.47729000,13.28188000,51.0
52.47745000,13.28210000,51.0
52.47761000,13.28225000,52.0
52.47777000,13.28247000,52.0
52.47791000,13.28270000,53.0
52.47807000,13.28292000,53.0
52.47821000,13.28312000,53.0
52.47831000,13.28325000,53.0
52.47846000,13.28345000,54.0
52.47859000,13.28366000,53.0
52.47873000,13.28388000,52.0
52.47888000,13.28405000,53.0
52.47902000,13.28427000,52.0
52.47917000,13.28450000,51.0
52.47933000,13.28466000,50.0
52.47948000,13.28487000,48.0
52.47962000,13.28514000,47.0
52.47974000,13.28538000,47.0
52.47983000,13.28560000,47.0
52.47986000,13.28565000,47.0
52.48000000,13.28591000,48.0
52.48011000,13.28617000,49.0
52.48023000,13.28639000,48.0
52.48035000,13.28661000,48.0
52.48036000,13.28665000,48.0
52.48040000,13.28671000,48.0
52.48053000,13.28696000,48.0
52.48066000,13.28717000,48.0
52.48078000,13.28737000,48.0
52.48088000,13.28756000,47.0
52.48100000,13.28781000,46.0
52.48107000,13.28797000,46.0
52.48120000,13.28818000,45.0
52.48127000,13.28831000,45.0
52.48140000,13.28856000,45.0
52.48154000,13.28878000,45.0
52.48168000,13.28901000,45.0
52.48182000,13.28924000,45.0
52.48186000,13.28931000,45.0
52.48193000,13.28943000,45.0
52.48197000,13.28950000,46.0
52.48201000,13.28958000,46.0
52.48202000,13.28962000,46.0
52.48206000,13.28969000,46.0
52.48210000,13.28977000,46.0
52.48211000,13.28981000,46.0
52.48219000,13.28997000,47.0
52.48228000,13.29012000,47.0
52.48232000,13.29021000,47.0
52.48248000,13.29042000,47.0
52.48265000,13.29059000,47.0
52.48280000,13.29081000,46.0
52.48294000,13.29102000,46.0
52.48304000,13.29132000,47.0
52.48315000,13.29158000,47.0
52.48328000,13.29178000,47.0
52.48342000,13.29201000,48.0
52.48349000,13.29221000,49.0
52.48364000,13.29244000,49.0
52.48377000,13.29270000,48.0
52.48389000,13.29296000,47.0
52.48402000,13.29321000,46.0
52.48415000,13.29345000,45.0
52.48428000,13.29369000,45.0
52.48443000,13.29392000,44.0
52.48454000,13.29417000,45.0
52.48460000,13.29429000,45.0
52.48473000,13.29454000,47.0
52.48486000,13.29476000,48.0
52.48501000,13.29498000,49.0
52.48516000,13.29521000,50.0
52.48528000,13.29544000,50.0
52.48542000,13.29564000,50.0
52.48557000,13.29588000,49.0
52.48572000,13.29611000,48.0
52.48585000,13.29636000,48.0
52.48597000,13.29659000,48.0
52.48608000,13.29682000,48.0
52.48622000,13.29703000,47.0
52.48633000,13.29729000,47.0
52.48646000,13.29754000,48.0
52.48656000,13.29778000,49.0
52.48670000,13.29801000,49.0
52.48686000,13.29823000,49.0
52.48702000,13.29842000,50.0
52.48713000,13.29868000,50.0
52.48724000,13.29892000,52.0
52.48732000,13.29920000,51.0
52.48743000,13.29945000,51.0
52.48758000,13.29970000,51.0
52.48766000,13.29986000,50.0
52.48779000,13.30010000,48.0
52.48792000,13.30035000,46.0
52.48801000,13.30062000,46.0
52.48813000,13.30083000,49.0
52.48824000,13.30106000,52.0
52.48833000,13.30134000,55.0
52.48838000,13.30163000,58.0
52.48845000,13.30196000,59.0
52.48852000,13.30225000,60.0
52.48859000,13.30243000,61.0
52.48872000,13.30272000,65.0
52.48885000,13.30296000,70.0
52.48873000,13.30327000,65.0
52.48869000,13.30358000,61.0
52.48863000,13.30387000,58.0
52.48857000,13.30420000,55.0
52.48852000,13.30452000,52.0
52.48851000,13.30484000,51.0
52.48849000,13.30500000,50.0
52.48844000,13.30530000,50.0
52.48841000,13.30561000,50.0
52.48841000,13.30591000,49.0
52.48837000,13.30620000,47.0
52.48834000,13.30654000,46.0
52.48833000,13.30686000,45.0
52.48835000,13.30718000,44.0
52.48835000,13.30723000,44.0
52.48840000,13.30754000,44.0
52.48851000,13.30782000,44.0
52.48858000,13.30794000,44.0
52.48871000,13.30821000,44.0
52.48881000,13.30845000,45.0
52.48891000,13.30872000,44.0
52.48897000,13.30894000,44.0
52.48904000,13.30922000,44.0
52.48913000,13.30952000,44.0
52.48919000,13.30972000,45.0
52.48928000,13.31000000,44.0
52.48933000,13.31018000,44.0
52.48938000,13.31047000,44.0
52.48946000,13.31077000,44.0
52.48954000,13.31107000,46.0
52.48959000,13.31130000,47.0
52.48967000,13.31161000,47.0
52.48974000,13.31189000,48.0
52.48986000,13.31216000,51.0
52.48994000,13.31245000,55.0
52.48996000,13.31261000,57.0
52.49002000,13.31292000,59.0
52.49006000,13.31314000,58.0
52.49019000,13.31327000,58.0
52.49032000,13.31349000,54.0
52.49037000,13.31361000,51.0
52.49058000,13.31354000,49.0
52.49073000,13.31335000,49.0
52.49088000,13.31313000,46.0
52.49104000,13.31295000,44.0
52.49108000,13.31290000,43.0
52.49127000,13.31274000,43.0
52.49145000,13.31257000,43.0
52.49160000,13.31238000,43.0
52.49171000,13.31211000,44.0
52.49188000,13.31196000,43.0
52.49204000,13.31180000,42.0
52.49218000,13.31160000,42.0
52.49221000,13.31155000,42.0
52.49233000,13.31134000,43.0
52.49249000,13.31111000,43.0
52.49257000,13.31088000,44.0
52.49260000,13.31086000,44.0
52.49265000,13.31076000,44.0
52.49282000,13.31057000,42.0
52.49291000,13.31030000,42.0
52.49307000,13.31011000,40.0
52.49323000,13.31001000,40.0
52.49333000,13.30994000,40.0
52.49336000,13.30993000,40.0
52.49342000,13.30994000,40.0
52.49356000,13.31002000,40.0
52.49362000,13.31006000,41.0
52.49372000,13.31012000,41.0
52.49380000,13.31016000,41.0
52.49398000,13.31027000,42.0
52.49415000,13.31035000,42.0
52.49435000,13.31041000,44.0
52.49444000,13.31043000,45.0
52.49464000,13.31047000,46.0
52.49483000,13.31054000,45.0
52.49501000,13.31063000,45.0
52.49519000,13.31070000,45.0
52.49537000,13.31078000,45.0
52.49557000,13.31085000,46.0
52.49576000,13.31094000,46.0
52.49594000,13.31100000,45.0
52.49612000,13.31107000,45.0
52.49632000,13.31118000,45.0
52.49652000,13.31130000,45.0
52.49671000,13.31138000,45.0
52.49691000,13.31148000,45.0
52.49709000,13.31150000,45.0
52.49729000,13.31160000,45.0
52.49747000,13.31169000,45.0
52.49766000,13.31177000,45.0
52.49782000,13.31188000,45.0
52.49790000,13.31192000,45.0
52.49810000,13.31201000,46.0
52.49829000,13.31209000,47.0
52.49850000,13.31217000,48.0
52.49869000,13.31225000,48.0
52.49888000,13.31233000,48.0
52.49906000,13.31243000,46.0
52.49926000,13.31254000,44.0
52.49944000,13.31265000,42.0
52.49961000,13.31279000,43.0
52.49978000,13.31289000,44.0
52.49996000,13.31296000,45.0
52.50016000,13.31296000,44.0
52.50032000,13.31300000,44.0
52.50040000,13.31309000,45.0
52.50048000,13.31337000,45.0
52.50058000,13.31362000,47.0
52.50070000,13.31392000,48.0
52.50078000,13.31423000,48.0
52.50086000,13.31452000,47.0
52.50093000,13.31482000,46.0
52.50097000,13.31515000,45.0
52.50102000,13.31547000,45.0
52.50111000,13.31573000,45.0
52.50117000,13.31593000,46.0
52.50116000,13.31598000,47.0
52.50122000,13.31624000,48.0
52.50124000,13.31654000,47.0
52.50126000,13.31686000,48.0
52.50124000,13.31716000,49.0
52.50128000,13.31746000,48.0
52.50136000,13.31775000,47.0
52.50138000,13.31801000,46.0
52.50141000,13.31833000,45.0
52.50152000,13.31862000,43.0
52.50153000,13.31867000,43.0
52.50161000,13.31898000,43.0
52.50164000,13.31928000,42.0
52.50165000,13.31960000,41.0
52.50163000,13.31993000,40.0
52.50171000,13.32024000,40.0
52.50178000,13.32051000,40.0
52.50179000,13.32069000,40.0
52.50185000,13.32101000,40.0
52.50188000,13.32110000,40.0
52.50197000,13.32137000,39.0
52.50206000,13.32168000,38.0
52.50203000,13.32190000,38.0
52.50192000,13.32216000,37.0
52.50197000,13.32248000,38.0
52.50205000,13.32274000,41.0
52.50215000,13.32301000,42.0
52.50222000,13.32329000,42.0
52.50230000,13.32361000,39.0
52.50231000,13.32366000,38.0
52.50233000,13.32384000,36.0
52.50233000,13.32415000,36.0
52.50234000,13.32443000,36.0
52.50240000,13.32474000,38.0
52.50249000,13.32501000,41.0
52.50258000,13.32531000,43.0
52.50259000,13.32553000,45.0
52.50259000,13.32584000,46.0
52.50260000,13.32591000,46.0
52.50270000,13.32621000,46.0
52.50271000,13.32625000,45.0
52.50273000,13.32630000,45.0
52.50277000,13.32643000,44.0
52.50278000,13.32653000,43.0
52.50282000,13.32681000,42.0
52.50287000,13.32703000,42.0
52.50294000,13.32721000,42.0
52.50307000,13.32748000,42.0
52.50314000,13.32763000,41.0
52.50320000,13.32794000,41.0
52.50321000,13.32800000,41.0
52.50325000,13.32809000,41.0
52.50328000,13.32817000,41.0
52.50328000,13.32831000,41.0
52.50327000,13.32836000,41.0
52.50327000,13.32845000,42.0
52.50330000,13.32865000,44.0
52.50340000,13.32899000,46.0
52.50347000,13.32929000,46.0
52.50355000,13.32959000,46.0
52.50355000,13.32990000,45.0
52.50363000,13.33016000,43.0
52.50369000,13.33046000,40.0
52.50375000,13.33075000,38.0
52.50375000,13.33090000,37.0
52.50380000,13.33118000,35.0
52.50381000,13.33122000,35.0
52.50390000,13.33149000,35.0
52.50395000,13.33180000,34.0
52.50403000,13.33210000,37.0
52.50407000,13.33242000,40.0
52.50415000,13.33270000,43.0
52.50421000,13.33303000,43.0
52.50427000,13.33331000,42.0
52.50423000,13.33357000,41.0
52.50426000,13.33388000,40.0
52.50434000,13.33417000,40.0
52.50438000,13.33447000,39.0
52.50447000,13.33477000,38.0
52.50441000,13.33504000,40.0
52.50441000,13.33536000,39.0
52.50437000,13.33564000,38.0
52.50433000,13.33595000,38.0
52.50425000,13.33623000,39.0
52.50416000,13.33653000,40.0
52.50421000,13.33668000,41.0
52.50424000,13.33699000,41.0
52.50422000,13.33729000,41.0
52.50421000,13.33760000,42.0
52.50404000,13.33782000,43.0
52.50389000,13.33806000,44.0
52.50377000,13.33833000,44.0
52.50367000,13.33863000,43.0
52.50357000,13.33890000,43.0
52.50343000,13.33912000,44.0
52.50332000,13.33936000,44.0
52.50323000,13.33962000,44.0
52.50313000,13.33989000,44.0
52.50301000,13.34013000,43.0
52.50292000,13.34040000,42.0
52.50280000,13.34066000,41.0
52.50270000,13.34094000,39.0
52.50261000,13.34123000,39.0
52.50248000,13.34146000,41.0
52.50234000,13.34166000,44.0
52.50216000,13.34195000,45.0
52.50207000,13.34223000,41.0
52.50194000,13.34249000,39.0
52.50175000,13.34260000,39.0
52.50166000,13.34286000,37.0
52.50155000,13.34310000,38.0
52.50152000,13.34340000,38.0
52.50157000,13.34370000,38.0
52.50157000,13.34395000,39.0
52.50167000,13.34425000,40.0
52.50162000,13.34451000,40.0
52.50158000,13.34482000,40.0
52.50153000,13.34512000,40.0
52.50145000,13.34539000,41.0
52.50135000,13.34564000,41.0
52.50129000,13.34595000,40.0
52.50117000,13.34620000,38.0
52.50113000,13.34650000,37.0
52.50112000,13.34680000,37.0
52.50109000,13.34711000,37.0
52.50105000,13.34740000,37.0
52.50104000,13.34765000,38.0
52.50104000,13.34768000,38.0
52.50107000,13.34791000,39.0
52.50107000,13.34795000,39.0
52.50102000,13.34813000,40.0
52.50091000,13.34841000,41.0
52.50078000,13.34865000,41.0
52.50075000,13.34875000,41.0
52.50067000,13.34901000,42.0
52.50064000,13.34910000,42.0
52.50064000,13.34915000,42.0
52.50063000,13.34920000,42.0
52.50061000,13.34930000,42.0
52.50059000,13.34944000,42.0
52.50060000,13.34969000,42.0
52.50058000,13.34999000,41.0
52.50056000,13.35019000,42.0
52.50056000,13.35028000,42.0
52.50048000,13.35059000,44.0
52.50043000,13.35088000,45.0
52.50040000,13.35107000,45.0
52.50032000,13.35140000,43.0
52.50021000,13.35165000,40.0
52.50022000,13.35172000,40.0
52.50019000,13.35181000,40.0
52.50012000,13.35212000,38.0
52.50007000,13.35243000,37.0
52.50003000,13.35275000,36.0
52.50001000,13.35305000,36.0
52.49996000,13.35334000,37.0
52.49997000,13.35367000,36.0
52.49990000,13.35397000,36.0
52.49989000,13.35401000,36.0
52.49988000,13.35410000,36.0
52.49989000,13.35430000,36.0
52.49984000,13.35458000,36.0
52.49979000,13.35473000,36.0
52.49968000,13.35498000,36.0
52.49964000,13.35511000,36.0
52.49954000,13.35540000,35.0
52.49950000,13.35554000,36.0
52.49941000,13.35582000,36.0
52.49930000,13.35611000,36.0
52.49923000,13.35642000,37.0
52.49915000,13.35673000,37.0
52.49908000,13.35705000,37.0
52.49902000,13.35729000,36.0
52.49894000,13.35745000,36.0
52.49891000,13.35753000,35.0
52.49890000,13.35757000,35.0
52.49887000,13.35767000,35.0
52.49882000,13.35791000,35.0
52.49877000,13.35824000,36.0
52.49869000,13.35857000,37.0
52.49864000,13.35887000,37.0
52.49861000,13.35921000,37.0
52.49858000,13.35951000,38.0
52.49852000,13.35979000,37.0
52.49840000,13.36007000,37.0
52.49826000,13.36031000,37.0
52.49817000,13.36059000,38.0
52.49802000,13.36084000,39.0
52.49791000,13.36110000,39.0
52.49785000,13.36140000,38.0
52.49777000,13.36168000,38.0
52.49780000,13.36186000,38.0
52.49796000,13.36206000,37.0
52.49814000,13.36209000,37.0
52.49833000,13.36214000,37.0
52.49840000,13.36216000,37.0
52.49842000,13.36216000,37.0
52.49862000,13.36223000,38.0
52.49881000,13.36233000,38.0
52.49899000,13.36241000,39.0
52.49918000,13.36247000,40.0
52.49939000,13.36249000,40.0
52.49957000,13.36257000,39.0
52.49974000,13.36269000,38.0
52.49992000,13.36284000,38.0
52.50010000,13.36296000,37.0
52.50026000,13.36314000,38.0
52.50049000,13.36323000,40.0
52.50067000,13.36337000,41.0
52.50084000,13.36350000,42.0
52.50100000,13.36365000,42.0
52.50114000,13.36384000,42.0
52.50131000,13.36399000,43.0
52.50149000,13.36418000,42.0
52.50168000,13.36432000,43.0
52.50183000,13.36443000,42.0
52.50192000,13.36451000,42.0
52.50210000,13.36462000,40.0
52.50226000,13.36480000,38.0
52.50245000,13.36484000,38.0
52.50262000,13.36496000,38.0
52.50280000,13.36514000,38.0
52.50299000,13.36522000,38.0
52.50318000,13.36529000,37.0
52.50333000,13.36546000,37.0
52.50344000,13.36568000,38.0
52.50358000,13.36587000,41.0
52.50371000,13.36608000,42.0
52.50380000,13.36615000,41.0
52.50397000,13.36638000,40.0
52.50415000,13.36656000,38.0
52.50431000,13.36674000,39.0
52.50446000,13.36692000,41.0
52.50465000,13.36702000,41.0
52.50481000,13.36718000,41.0
52.50498000,13.36730000,39.0
52.50515000,13.36741000,38.0
52.50538000,13.36753000,36.0
52.50555000,13.36767000,35.0
52.50570000,13.36780000,34.0
52.50584000,13.36798000,35.0
52.50593000,13.36823000,35.0
52.50609000,13.36837000,36.0
52.50628000,13.36850000,37.0
52.50646000,13.36864000,35.0
52.50663000,13.36874000,33.0
52.50682000,13.36885000,32.0
52.50694000,13.36891000,32.0
52.50696000,13.36892000,33.0
52.50704000,13.36899000,33.0
52.50721000,13.36908000,33.0
52.50738000,13.36918000,32.0
52.50756000,13.36927000,33.0
52.50776000,13.36938000,34.0
52.50792000,13.36949000,35.0
52.50811000,13.36959000,35.0
52.50829000,13.36972000,35.0
52.50844000,13.36992000,36.0
52.50853000,13.37008000,35.0
52.50864000,13.37032000,35.0
52.50878000,13.37057000,35.0
52.50893000,13.37080000,36.0
52.50908000,13.37106000,36.0
52.50917000,13.37136000,39.0
52.50921000,13.37165000,43.0
52.50920000,13.37195000,47.0
52.50921000,13.37228000,51.0
52.50925000,13.37261000,52.0
52.50926000,13.37295000,52.0
52.50928000,13.37330000,53.0
52.50930000,13.37360000,54.0
52.50932000,13.37394000,55.0
52.50926000,13.37423000,57.0
52.50929000,13.37458000,55.0
52.50935000,13.37488000,49.0
52.50944000,13.37517000,45.0
52.50955000,13.37542000,42.0
52.50960000,13.37569000,41.0
52.50958000,13.37603000,41.0
52.50956000,13.37638000,38.0
52.50955000,13.37672000,35.0
52.50957000,13.37701000,35.0
52.50959000,13.37715000,35.0
52.50963000,13.37745000,35.0
52.50969000,13.37779000,34.0
52.50973000,13.37810000,34.0
52.50977000,13.37842000,35.0
52.50976000,13.37876000,35.0
52.50975000,13.37909000,36.0
52.50977000,13.37942000,37.0
52.50978000,13.37967000,38.0
52.50976000,13.37999000,40.0
52.50975000,13.38030000,40.0
52.50980000,13.38054000,40.0
52.50980000,13.38064000,40.0
52.50984000,13.38097000,39.0
52.50989000,13.38129000,37.0
52.50991000,13.38163000,37.0
52.50993000,13.38191000,37.0
52.50996000,13.38222000,36.0
52.50997000,13.38255000,36.0
52.50999000,13.38287000,38.0
52.51000000,13.38308000,39.0
52.51002000,13.38323000,40.0
52.51002000,13.38328000,40.0
52.51004000,13.38357000,40.0
52.51005000,13.38366000,39.0
52.51004000,13.38392000,38.0
52.51004000,13.38407000,37.0
52.50998000,13.38436000,34.0
52.51002000,13.38457000,33.0
52.51005000,13.38473000,33.0
52.51012000,13.38504000,33.0
52.51020000,13.38533000,35.0
52.51023000,13.38566000,37.0
52.51024000,13.38571000,37.0
52.51025000,13.38605000,38.0
52.51029000,13.38638000,39.0
52.51028000,13.38671000,41.0
52.51027000,13.38701000,43.0
52.51029000,13.38729000,46.0
52.51031000,13.38759000,46.0
52.51034000,13.38789000,45.0
52.51037000,13.38821000,45.0
52.51037000,13.38852000,46.0
52.51032000,13.38885000,48.0
52.51033000,13.38918000,48.0
52.51036000,13.38950000,49.0
52.51033000,13.38979000,48.0
52.51038000,13.39012000,47.0
52.51045000,13.39041000,48.0
52.51051000,13.39073000,48.0
52.51058000,13.39105000,49.0
52.51058000,13.39110000,49.0
52.51059000,13.39130000,49.0
52.51060000,13.39143000,48.0
52.51060000,13.39177000,48.0
52.51068000,13.39209000,49.0
52.51077000,13.39237000,47.0
52.51084000,13.39268000,43.0
52.51088000,13.39297000,40.0
52.51091000,13.39326000,38.0
52.51090000,13.39362000,39.0
52.51089000,13.39393000,41.0
52.51093000,13.39425000,43.0
52.51101000,13.39458000,44.0
52.51102000,13.39491000,44.0
52.51105000,13.39520000,43.0
52.51108000,13.39537000,41.0
52.51110000,13.39567000,39.0
52.51113000,13.39582000,38.0
52.51112000,13.39617000,40.0
52.51111000,13.39647000,43.0
52.51125000,13.39669000,42.0
52.51143000,13.39669000,39.0
52.51163000,13.39666000,39.0
52.51182000,13.39657000,39.0
52.51184000,13.39655000,39.0
52.51193000,13.39654000,39.0
52.51212000,13.39657000,40.0
52.51221000,13.39655000,40.0
52.51234000,13.39646000,41.0
52.51245000,13.39621000,41.0
52.51254000,13.39591000,41.0
52.51254000,13.39560000,42.0
52.51248000,13.39531000,40.0
52.51248000,13.39501000,38.0
52.51257000,13.39475000,39.0
52.51263000,13.39446000,39.0
52.51267000,13.39414000,40.0
52.51266000,13.39381000,41.0
52.51268000,13.39372000,42.0
52.51281000,13.39351000,44.0
52.51298000,13.39336000,44.0
52.51317000,13.39324000,44.0
52.51335000,13.39320000,45.0
52.51341000,13.39318000,45.0
52.51358000,13.39306000,45.0
52.51376000,13.39288000,47.0
52.51394000,13.39280000,49.0
52.51418000,13.39267000,47.0
52.51440000,13.39271000,44.0
52.51454000,13.39274000,44.0
52.51474000,13.39278000,46.0
52.51488000,13.39279000,45.0
52.51499000,13.39255000,46.0
52.51500000,13.39233000,48.0
52.51500000,13.39201000,48.0
52.51496000,13.39169000,46.0
52.51492000,13.39147000,44.0
52.51485000,13.39118000,43.0
52.51486000,13.39084000,44.0
52.51489000,13.39054000,45.0
52.51491000,13.39023000,46.0
52.51490000,13.39018000,46.0
52.51487000,13.38986000,45.0
52.51484000,13.38966000,44.0
52.51484000,13.38938000,42.0
52.51485000,13.38928000,42.0
52.51485000,13.38897000,41.0
52.51488000,13.38866000,41.0
52.51486000,13.38838000,42.0
52.51485000,13.38822000,42.0
52.51485000,13.38788000,42.0
52.51485000,13.38754000,41.0
52.51484000,13.38720000,40.0
52.51482000,13.38687000,37.0
52.51481000,13.38657000,37.0
52.51498000,13.38644000,36.0
52.51516000,13.38634000,37.0
52.51531000,13.38617000,38.0
52.51551000,13.38604000,39.0
52.51569000,13.38598000,39.0
52.51588000,13.38593000,39.0
52.51609000,13.38591000,38.0
52.51627000,13.38580000,38.0
52.51645000,13.38573000,38.0
52.51649000,13.38569000,38.0
52.51658000,13.38542000,37.0
52.51659000,13.38511000,37.0
52.51663000,13.38481000,37.0
52.51666000,13.38449000,38.0
52.51665000,13.38415000,36.0
52.51665000,13.38388000,36.0
52.51665000,13.38357000,35.0
52.51665000,13.38342000,35.0
52.51664000,13.38327000,35.0
52.51667000,13.38295000,35.0
52.51653000,13.38265000,36.0
52.51647000,13.38234000,36.0
52.51645000,13.38200000,36.0
52.51646000,13.38169000,36.0
52.51647000,13.38138000,38.0
52.51648000,13.38104000,39.0
52.51646000,13.38071000,41.0
52.51644000,13.38040000,43.0
52.51641000,13.38005000,43.0
52.51634000,13.37973000,41.0
52.51626000,13.37941000,39.0
52.51621000,13.37912000,37.0
52.51614000,13.37883000,35.0
52.51617000,13.37849000,38.0
52.51623000,13.37820000,39.0
52.51628000,13.37800000,40.0
52.51629000,13.37769000,39.0
52.51630000,13.37736000,36.0
52.51629000,13.37725000,35.0
52.51628000,13.37689000,34.0
52.51630000,13.37655000,34.0
52.51628000,13.37625000,35.0
52.51626000,13.37590000,35.0
52.51626000,13.37560000,34.0
52.51624000,13.37542000,33.0
52.51621000,13.37509000,32.0
52.51617000,13.37475000,33.0
52.51614000,13.37443000,34.0
52.51614000,13.37425000,34.0
52.51617000,13.37393000,34.0
52.51617000,13.37375000,33.0
52.51620000,13.37346000,31.0
52.51620000,13.37329000,31.0
52.51617000,13.37302000,32.0
52.51610000,13.37271000,34.0
52.51609000,13.37266000,35.0
