Latitude,Longitude,Elevation
50.69161000,7.658560000,275.0
50.69163000,7.658480000,275.0
50.69160000,7.658360000,274.0
50.69153000,7.658240000,273.0
50.69137000,7.658050000,272.0
50.69134000,7.658060000,272.0
50.69125000,7.658210000,271.0
50.69118000,7.658450000,270.0
50.69107000,7.658590000,269.0
50.69104000,7.658640000,269.0
50.69103000,7.658760000,269.0
50.69125000,7.659700000,275.0
50.69137000,7.660410000,278.0
50.69150000,7.661860000,284.0
50.69156000,7.662690000,288.0
50.69171000,7.664130000,293.0
50.69174000,7.664750000,295.0
50.69175000,7.666840000,301.0
50.69171000,7.667420000,302.0
50.69172000,7.667720000,302.0
50.69181000,7.668070000,302.0
50.69214000,7.668620000,301.0
50.69216000,7.668720000,301.0
50.69217000,7.668830000,301.0
50.69213000,7.669090000,301.0
50.69187000,7.670210000,300.0
50.69169000,7.671140000,299.0
50.69155000,7.672500000,300.0
50.69150000,7.673270000,297.0
50.69145000,7.675170000,299.0
50.69126000,7.679770000,304.0
50.69117000,7.681210000,304.0
50.69110000,7.682830000,307.0
50.69133000,7.685580000,302.0
50.69132000,7.685670000,302.0
50.69127000,7.685740000,302.0
50.69122000,7.685780000,302.0
50.69004000,7.686140000,296.0
50.68915000,7.686440000,288.0
50.68906000,7.686510000,288.0
50.68862000,7.686960000,285.0
50.68846000,7.687150000,285.0
50.68841000,7.687260000,285.0
50.68837000,7.687380000,285.0
50.68835000,7.687510000,285.0
50.68837000,7.687630000,285.0
50.68860000,7.688120000,283.0
50.68863000,7.688230000,283.0
50.68864000,7.688330000,283.0
50.68863000,7.688430000,283.0
50.68860000,7.688520000,282.0
50.68856000,7.688590000,282.0
50.68828000,7.688900000,280.0
50.68823000,7.689000000,279.0
50.68821000,7.689110000,279.0
50.68822000,7.689230000,278.0
50.68824000,7.689340000,278.0
50.68840000,7.689640000,277.0
50.68861000,7.690100000,276.0
50.68863000,7.690230000,275.0
50.68861000,7.690500000,273.0
50.68834000,7.692260000,261.0
50.68833000,7.692420000,261.0
50.68835000,7.693090000,260.0
50.68845000,7.693960000,258.0
50.68848000,7.694120000,257.0
50.68858000,7.695080000,251.0
50.68853000,7.695840000,250.0
50.68843000,7.696750000,246.0
50.68844000,7.697010000,246.0
50.68852000,7.697530000,246.0
50.68852000,7.697660000,246.0
50.68849000,7.697770000,246.0
50.68844000,7.697860000,246.0
50.68837000,7.697930000,245.0
50.68814000,7.698050000,243.0
50.68801000,7.698180000,243.0
50.68791000,7.698320000,244.0
50.68719000,7.699690000,244.0
50.68617000,7.702430000,249.0
50.68571000,7.703640000,251.0
50.68560000,7.703880000,252.0
50.68555000,7.703940000,251.0
50.68548000,7.703990000,251.0
50.68540000,7.704010000,250.0
50.68522000,7.703970000,248.0
50.68511000,7.703960000,247.0
50.68501000,7.703990000,246.0
50.68480000,7.704130000,244.0
50.68469000,7.704190000,243.0
50.68448000,7.704250000,242.0
50.68439000,7.704330000,243.0
50.68430000,7.704430000,243.0
50.68403000,7.704810000,245.0
50.68398000,7.704920000,245.0
50.68385000,7.705210000,246.0
50.68352000,7.705910000,249.0
50.68312000,7.706980000,253.0
50.68281000,7.707430000,256.0
50.68226000,7.707930000,259.0
50.68209000,7.708120000,260.0
50.68160000,7.708780000,263.0
50.68142000,7.708970000,264.0
50.68097000,7.709270000,262.0
50.68089000,7.709360000,262.0
50.68087000,7.709410000,262.0
50.68080000,7.709670000,263.0
50.68054000,7.709920000,263.0
50.68040000,7.710120000,264.0
50.68021000,7.710120000,262.0
50.67988000,7.709960000,259.0
50.67975000,7.709960000,259.0
50.67968000,7.709980000,258.0
50.67955000,7.710070000,257.0
50.67943000,7.710220000,256.0
50.67908000,7.710600000,256.0
50.67902000,7.710640000,256.0
50.67897000,7.710640000,256.0
50.67892000,7.710600000,256.0
50.67889000,7.710530000,255.0
50.67872000,7.709810000,252.0
50.67859000,7.709460000,250.0
50.67834000,7.708940000,248.0
50.67823000,7.708760000,247.0
50.67814000,7.708530000,245.0
50.67805000,7.708100000,244.0
50.67796000,7.707320000,253.0
50.67795000,7.707260000,254.0
50.67782000,7.707180000,258.0
50.67775000,7.707180000,259.0
50.67749000,7.707220000,261.0
50.67710000,7.707350000,261.0
50.67667000,7.707620000,262.0
50.67620000,7.707700000,266.0
50.67603000,7.707640000,267.0
50.67586000,7.707690000,266.0
50.67558000,7.707880000,263.0
50.67538000,7.708000000,262.0
50.67507000,7.708170000,264.0
50.67457000,7.708600000,261.0
50.67441000,7.708670000,260.0
50.67422000,7.708710000,262.0
50.67410000,7.708790000,262.0
50.67397000,7.709030000,258.0
50.67389000,7.709080000,259.0
50.67343000,7.709210000,258.0
50.67332000,7.709270000,258.0
50.67310000,7.709440000,257.0
50.67171000,7.710730000,256.0
50.67127000,7.711400000,255.0
50.67119000,7.711480000,256.0
50.67114000,7.711500000,256.0
50.67104000,7.711520000,256.0
50.66930000,7.711270000,256.0
50.66921000,7.711200000,255.0
50.66914000,7.711090000,256.0
50.66851000,7.709760000,260.0
50.66834000,7.709440000,261.0
50.66827000,7.709360000,261.0
50.66822000,7.709320000,261.0
50.66804000,7.709270000,260.0
50.66716000,7.708830000,269.0
50.66697000,7.708810000,271.0
50.66686000,7.708780000,271.0
50.66673000,7.708680000,271.0
50.66653000,7.708420000,273.0
50.66621000,7.708270000,275.0
50.66568000,7.708230000,278.0
50.66514000,7.708140000,284.0
50.66489000,7.708260000,287.0
50.66470000,7.708510000,289.0
50.66401000,7.709320000,296.0
50.66392000,7.709440000,297.0
50.66389000,7.709510000,297.0
50.66300000,7.710580000,304.0
50.66246000,7.711250000,305.0
50.66228000,7.711370000,304.0
50.66145000,7.711690000,299.0
50.66064000,7.711590000,298.0
50.66055000,7.711640000,298.0
50.66036000,7.711910000,302.0
50.66023000,7.712080000,305.0
50.65996000,7.712360000,314.0
50.65983000,7.712540000,318.0
50.65971000,7.712840000,323.0
50.65949000,7.713230000,327.0
50.65924000,7.713630000,326.0
50.65908000,7.713760000,325.0
50.65885000,7.713840000,324.0
50.65855000,7.713880000,323.0
50.65739000,7.713880000,324.0
50.65598000,7.713940000,322.0
50.65583000,7.713970000,322.0
50.65579000,7.713990000,322.0
50.65575000,7.714020000,322.0
50.65515000,7.714750000,320.0
50.65427000,7.715570000,317.0
50.65303000,7.716230000,306.0
50.65245000,7.716550000,302.0
50.65234000,7.716640000,302.0
50.65214000,7.716860000,302.0
50.65206000,7.716990000,301.0
50.65174000,7.717710000,297.0
50.65166000,7.717780000,295.0
50.65158000,7.717800000,294.0
50.65149000,7.717760000,293.0
50.65143000,7.717650000,293.0
50.65139000,7.717510000,292.0
50.65123000,7.716010000,287.0
50.65119000,7.715870000,287.0
50.65115000,7.715780000,286.0
50.65110000,7.715710000,285.0
50.65104000,7.715700000,284.0
50.65097000,7.715740000,283.0
50.65093000,7.715820000,283.0
50.65090000,7.715940000,282.0
50.65079000,7.717270000,279.0
50.65072000,7.717720000,280.0
50.65062000,7.717970000,279.0
50.65055000,7.718060000,278.0
50.65046000,7.718100000,278.0
50.65038000,7.718110000,278.0
50.64911000,7.718050000,283.0
50.64904000,7.718080000,283.0
50.64899000,7.718120000,283.0
50.64895000,7.718180000,284.0
50.64890000,7.718490000,284.0
50.64878000,7.720050000,288.0
50.64865000,7.720990000,290.0
50.64842000,7.721560000,291.0
50.64826000,7.721840000,292.0
50.64794000,7.722220000,297.0
50.64749000,7.722570000,303.0
50.64673000,7.723210000,303.0
50.64604000,7.724020000,305.0
50.64579000,7.724330000,305.0
50.64522000,7.724780000,304.0
50.64465000,7.725280000,305.0
50.64459000,7.725360000,305.0
50.64387000,7.726870000,312.0
50.64361000,7.727270000,314.0
50.64313000,7.727940000,316.0
50.64127000,7.729880000,309.0
50.63830000,7.732960000,291.0
50.63775000,7.733610000,289.0
50.63697000,7.734890000,297.0
50.63665000,7.735480000,297.0
50.63645000,7.735880000,298.0
50.63593000,7.737010000,302.0
50.63553000,7.737930000,304.0
50.63542000,7.738140000,304.0
50.63489000,7.738710000,308.0
50.63443000,7.739260000,311.0
50.63370000,7.740230000,311.0
50.63343000,7.740700000,313.0
50.63331000,7.741060000,313.0
50.63319000,7.741220000,313.0
50.63304000,7.741320000,314.0
50.63299000,7.741330000,314.0
50.63289000,7.741310000,314.0
50.63257000,7.741220000,315.0
50.63249000,7.741250000,315.0
50.63239000,7.741370000,314.0
50.63189000,7.742280000,312.0
50.63179000,7.742550000,311.0
50.63174000,7.742730000,310.0
50.63173000,7.742970000,309.0
50.63178000,7.743230000,306.0
50.63192000,7.743580000,305.0
50.63205000,7.743810000,304.0
50.63226000,7.744120000,303.0
50.63250000,7.744380000,301.0
50.63253000,7.744440000,301.0
50.63256000,7.744630000,302.0
50.63256000,7.744810000,303.0
50.63251000,7.744960000,304.0
50.63242000,7.745120000,305.0
50.63206000,7.745510000,311.0
50.63168000,7.745830000,317.0
50.63135000,7.746010000,321.0
50.63068000,7.746430000,324.0
50.63032000,7.746790000,328.0
50.63010000,7.746970000,330.0
50.62988000,7.747110000,332.0
50.62942000,7.747140000,333.0
50.62893000,7.747140000,335.0
50.62852000,7.747280000,338.0
50.62804000,7.747520000,342.0
50.62773000,7.747700000,343.0
50.62730000,7.748030000,346.0
50.62688000,7.748470000,350.0
50.62632000,7.748960000,356.0
50.62594000,7.749240000,358.0
50.62474000,7.750080000,364.0
50.62404000,7.750790000,376.0
50.62372000,7.751230000,383.0
50.62341000,7.751560000,386.0
50.62274000,7.752460000,389.0
50.62187000,7.753720000,395.0
50.62133000,7.754470000,400.0
50.62099000,7.755010000,405.0
50.62008000,7.756730000,417.0
50.61973000,7.757430000,421.0
50.61926000,7.758190000,430.0
50.61906000,7.758490000,433.0
50.61881000,7.758810000,436.0
50.61872000,7.758950000,437.0
50.61844000,7.759620000,438.0
50.61823000,7.760710000,434.0
50.61789000,7.764470000,446.0
50.61775000,7.765300000,448.0
50.61755000,7.766040000,449.0
50.61728000,7.767720000,463.0
50.61711000,7.768620000,468.0
50.61700000,7.768970000,469.0
50.61652000,7.769820000,468.0
50.61605000,7.770600000,466.0
50.61515000,7.772200000,463.0
50.61454000,7.773140000,454.0
50.61432000,7.773320000,451.0
50.61415000,7.773410000,448.0
50.61302000,7.773960000,442.0
50.61271000,7.774080000,444.0
50.61161000,7.774750000,452.0
50.61066000,7.775680000,449.0
50.60996000,7.776400000,448.0
50.60900000,7.777310000,438.0
50.60770000,7.778610000,424.0
50.60724000,7.779080000,422.0
50.60684000,7.779400000,420.0
50.60576000,7.780160000,421.0
50.60543000,7.780500000,425.0
50.60492000,7.781260000,428.0
50.60477000,7.781450000,428.0
50.60433000,7.781940000,428.0
50.60370000,7.782580000,425.0
50.60346000,7.782800000,423.0
50.60329000,7.782920000,423.0
50.60293000,7.783080000,424.0
50.60240000,7.783250000,423.0
50.60121000,7.783530000,421.0
50.60053000,7.783650000,424.0
50.59988000,7.783690000,424.0
50.59940000,7.783700000,423.0
50.59858000,7.783770000,420.0
50.59780000,7.783720000,418.0
50.59706000,7.783350000,417.0
50.59551000,7.782640000,412.0
50.59518000,7.782580000,412.0
50.59467000,7.782620000,411.0
50.59421000,7.782770000,413.0
50.59235000,7.783820000,428.0
50.59182000,7.784070000,427.0
50.59134000,7.784370000,427.0
50.59094000,7.784720000,421.0
50.59012000,7.785740000,416.0
50.58789000,7.789220000,436.0
50.58657000,7.791350000,447.0
50.58349000,7.795900000,450.0
50.58301000,7.796550000,454.0
50.58251000,7.797280000,458.0
50.58180000,7.798340000,458.0
50.58120000,7.799270000,453.0
50.58057000,7.800210000,444.0
50.58023000,7.800730000,443.0
50.57961000,7.801550000,439.0
50.57892000,7.802620000,437.0
50.57776000,7.804370000,432.0
50.57670000,7.805860000,427.0
50.57588000,7.807080000,423.0
50.57526000,7.808410000,422.0
50.57501000,7.809090000,421.0
50.57474000,7.809500000,420.0
50.57401000,7.810400000,421.0
50.57323000,7.811040000,421.0
50.57273000,7.811680000,420.0
50.57218000,7.812570000,421.0
50.57121000,7.813840000,419.0
50.57034000,7.814960000,414.0
50.57022000,7.815140000,414.0
50.57004000,7.815540000,413.0
50.56949000,7.816960000,413.0
50.56885000,7.817940000,413.0
50.56795000,7.819090000,411.0
50.56694000,7.819820000,414.0
50.56594000,7.820400000,410.0
50.56539000,7.820790000,408.0
50.56494000,7.821260000,411.0
50.56436000,7.822140000,412.0
50.56387000,7.823400000,413.0
50.56346000,7.824760000,412.0
50.56312000,7.826100000,414.0
50.56256000,7.827800000,415.0
50.56200000,7.829290000,415.0
50.56153000,7.830380000,411.0
50.56079000,7.832280000,399.0
50.56054000,7.832830000,395.0
50.56029000,7.833190000,391.0
50.55959000,7.834060000,382.0
50.55904000,7.834580000,379.0
50.55886000,7.834820000,379.0
50.55871000,7.835100000,379.0
50.55864000,7.835240000,379.0
50.55848000,7.835670000,379.0
50.55826000,7.836330000,380.0
50.55816000,7.836530000,380.0
50.55804000,7.836700000,380.0
50.55790000,7.836840000,380.0
50.55762000,7.837020000,380.0
50.55681000,7.837280000,381.0
50.55632000,7.837410000,384.0
50.55590000,7.837540000,386.0
50.55538000,7.837670000,389.0
50.55509000,7.837650000,389.0
50.55463000,7.837390000,391.0
50.55429000,7.836970000,392.0
50.55417000,7.836710000,393.0
50.55393000,7.835740000,394.0
50.55378000,7.835110000,397.0
50.55359000,7.834810000,399.0
50.55326000,7.834620000,401.0
50.55282000,7.834630000,401.0
50.55263000,7.834690000,400.0
50.55168000,7.835160000,400.0
50.55126000,7.835220000,400.0
50.55092000,7.835210000,401.0
50.55063000,7.835120000,401.0
50.55014000,7.834740000,400.0
50.54976000,7.834320000,401.0
50.54953000,7.834040000,400.0
50.54890000,7.833580000,398.0
50.54865000,7.833540000,398.0
50.54829000,7.833570000,397.0
50.54753000,7.833870000,394.0
50.54727000,7.833880000,392.0
50.54711000,7.833970000,390.0
50.54662000,7.834220000,386.0
50.54623000,7.834290000,383.0
50.54613000,7.834270000,383.0
50.54603000,7.834220000,382.0
50.54566000,7.833900000,381.0
50.54556000,7.833850000,380.0
50.54545000,7.833830000,380.0
50.54534000,7.833840000,380.0
50.54483000,7.833940000,381.0
50.54478000,7.833990000,382.0
50.54477000,7.834280000,382.0
50.54470000,7.834490000,383.0
50.54432000,7.835390000,383.0
50.54427000,7.835520000,384.0
50.54426000,7.835600000,384.0
50.54430000,7.835830000,384.0
50.54464000,7.837170000,385.0
50.54473000,7.837450000,384.0
50.54500000,7.838690000,389.0
50.54501000,7.838910000,390.0
50.54464000,7.841300000,395.0
50.54217000,7.847060000,426.0
50.54148000,7.848640000,432.0
50.54121000,7.849690000,433.0
50.54057000,7.852990000,433.0
50.54035000,7.854060000,431.0
50.54013000,7.854600000,430.0
50.53933000,7.856410000,433.0
50.53859000,7.858140000,441.0
50.53841000,7.858530000,442.0
50.53826000,7.858680000,443.0
50.53421000,7.861030000,416.0
50.53231000,7.862100000,396.0
50.53206000,7.862220000,394.0
50.53201000,7.862220000,394.0
50.53196000,7.862200000,394.0
50.53193000,7.862150000,394.0
50.53190000,7.862000000,394.0
50.53189000,7.861760000,394.0
50.53184000,7.861710000,393.0
50.53156000,7.861660000,391.0
50.53150000,7.861670000,390.0
50.53138000,7.861710000,389.0
50.53085000,7.861990000,388.0
50.53036000,7.862120000,390.0
50.53023000,7.862210000,391.0
50.53017000,7.862330000,391.0
50.52994000,7.863440000,394.0
50.52969000,7.864330000,393.0
50.52944000,7.864960000,395.0
50.52701000,7.869790000,410.0
50.52589000,7.872090000,428.0
50.52534000,7.873190000,435.0
50.52499000,7.873580000,435.0
50.52366000,7.874510000,425.0
50.52257000,7.875280000,424.0
50.52151000,7.875830000,427.0
50.52085000,7.876230000,427.0
50.52072000,7.876390000,428.0
50.52066000,7.876510000,428.0
50.52064000,7.876650000,428.0
50.52066000,7.876710000,429.0
50.52072000,7.876820000,430.0
50.52076000,7.876860000,431.0
50.52182000,7.877420000,432.0
50.52237000,7.877690000,429.0
50.52253000,7.877910000,428.0
50.52261000,7.878100000,428.0
50.52264000,7.878280000,429.0
50.52267000,7.878540000,429.0
50.52282000,7.881350000,432.0
50.52271000,7.882470000,434.0
50.52236000,7.884660000,424.0
50.52216000,7.885340000,420.0
50.52197000,7.885790000,420.0
50.52115000,7.887060000,414.0
50.52086000,7.887640000,413.0
50.52060000,7.888240000,412.0
50.52033000,7.889330000,412.0
50.52018000,7.891030000,405.0
50.51967000,7.898800000,400.0
50.51950000,7.899440000,398.0
50.51666000,7.906130000,394.0
50.51641000,7.907400000,393.0
50.51519000,7.915360000,396.0
50.51509000,7.915750000,394.0
50.51481000,7.916460000,391.0
50.51267000,7.921480000,372.0
50.51174000,7.923570000,374.0
50.51088000,7.925110000,368.0
50.51079000,7.925210000,367.0
50.51069000,7.925300000,365.0
50.50823000,7.927030000,341.0
50.50771000,7.927360000,336.0
50.50757000,7.927430000,334.0
50.50743000,7.927430000,333.0
50.50729000,7.927390000,332.0
50.50714000,7.927330000,332.0
50.50625000,7.926760000,328.0
50.50542000,7.926350000,323.0
50.50524000,7.926350000,321.0
50.50512000,7.926420000,321.0
50.50454000,7.926820000,322.0
50.50437000,7.926970000,321.0
50.50398000,7.927550000,322.0
50.50355000,7.927920000,324.0
50.50322000,7.928330000,326.0
50.50272000,7.929260000,329.0
50.50252000,7.929760000,330.0
50.50236000,7.930410000,328.0
50.50207000,7.932260000,323.0
50.50195000,7.932770000,322.0
50.50171000,7.933350000,320.0
50.50139000,7.933880000,319.0
50.50079000,7.934540000,320.0
50.49936000,7.935830000,335.0
50.49925000,7.935910000,336.0
50.49873000,7.936170000,339.0
50.49853000,7.936300000,341.0
50.49736000,7.936850000,339.0
50.49701000,7.937020000,341.0
50.49686000,7.937120000,342.0
50.49645000,7.937490000,348.0
50.49485000,7.939310000,352.0
50.49471000,7.939450000,350.0
50.49396000,7.940300000,344.0
50.49330000,7.941350000,334.0
50.49151000,7.944550000,331.0
50.49108000,7.945260000,331.0
50.49074000,7.945680000,330.0
50.48745000,7.948820000,323.0
50.48697000,7.949280000,321.0
50.48655000,7.949910000,318.0
50.48628000,7.950370000,317.0
50.48563000,7.951320000,318.0
50.48512000,7.951710000,321.0
50.48500000,7.951830000,321.0
50.48490000,7.952000000,323.0
50.48473000,7.952530000,324.0
50.48431000,7.953420000,325.0
50.48381000,7.954440000,326.0
50.48377000,7.954490000,326.0
50.48369000,7.954560000,326.0
50.48287000,7.955110000,325.0
50.48178000,7.955790000,325.0
50.48080000,7.956100000,324.0
50.48020000,7.956050000,324.0
50.47973000,7.956110000,325.0
50.47858000,7.956570000,331.0
50.47815000,7.956680000,333.0
50.47755000,7.956670000,334.0
50.47713000,7.956530000,333.0
50.47647000,7.956120000,330.0
50.47527000,7.954980000,330.0
50.47298000,7.953260000,333.0
50.47251000,7.953000000,332.0
50.47215000,7.952870000,331.0
50.47077000,7.951870000,331.0
50.47029000,7.951590000,332.0
50.46987000,7.951440000,331.0
50.46953000,7.951210000,330.0
50.46820000,7.950380000,313.0
50.46355000,7.947260000,306.0
50.46287000,7.946730000,306.0
50.46240000,7.946310000,306.0
50.46155000,7.945370000,306.0
50.46107000,7.944880000,306.0
50.46048000,7.944500000,306.0
50.45914000,7.943830000,306.0
50.45855000,7.943780000,307.0
50.45799000,7.943660000,308.0
50.45736000,7.943500000,309.0
50.45691000,7.943490000,311.0
50.45644000,7.943620000,310.0
50.45564000,7.943820000,315.0
50.45378000,7.943890000,315.0
50.45282000,7.944050000,310.0
50.45218000,7.944330000,302.0
50.45172000,7.944460000,298.0
50.45133000,7.944490000,295.0
50.45092000,7.944460000,291.0
50.45050000,7.944390000,289.0
50.45022000,7.944310000,289.0
50.44956000,7.944030000,288.0
50.44920000,7.943820000,287.0
50.44874000,7.943470000,289.0
50.44642000,7.941480000,284.0
50.44519000,7.940380000,290.0
50.44374000,7.939170000,293.0
50.44365000,7.939110000,293.0
50.44339000,7.938900000,294.0
50.44242000,7.938030000,297.0
50.44152000,7.937300000,296.0
50.43887000,7.935070000,286.0
50.43673000,7.933260000,275.0
50.43629000,7.932870000,273.0
50.43568000,7.932550000,276.0
50.43489000,7.932260000,283.0
50.43458000,7.932170000,285.0
50.43111000,7.931270000,281.0
50.42703000,7.930180000,277.0
50.42647000,7.929800000,277.0
50.42640000,7.929720000,277.0
50.42625000,7.929500000,277.0
50.42620000,7.929360000,278.0
50.42617000,7.929370000,278.0
50.42551000,7.929990000,274.0
50.42514000,7.930200000,273.0
50.42471000,7.930440000,274.0
50.42433000,7.930730000,277.0
50.42402000,7.931170000,279.0
50.42367000,7.931750000,280.0
50.42328000,7.932320000,281.0
50.42290000,7.932580000,280.0
50.42193000,7.932960000,276.0
50.42184000,7.933010000,276.0
50.42177000,7.933090000,276.0
50.42157000,7.933400000,274.0
50.42127000,7.933800000,274.0
50.41984000,7.935210000,285.0
50.41934000,7.935890000,286.0
50.41881000,7.936570000,288.0
50.41843000,7.936960000,292.0
50.41789000,7.937600000,297.0
50.41699000,7.938710000,298.0
50.41513000,7.941140000,288.0
50.41397000,7.942710000,285.0
50.41280000,7.944330000,294.0
50.41241000,7.944920000,295.0
50.41223000,7.945310000,296.0
50.41202000,7.945980000,298.0
50.41193000,7.946680000,298.0
50.41188000,7.947050000,297.0
50.41189000,7.947410000,297.0
50.41200000,7.948660000,292.0
50.41213000,7.950060000,288.0
50.41210000,7.950660000,287.0
50.41206000,7.951090000,286.0
50.41182000,7.951950000,285.0
50.41111000,7.953670000,281.0
50.40997000,7.956120000,273.0
50.40970000,7.956820000,272.0
50.40941000,7.957800000,270.0
50.40920000,7.958410000,268.0
50.40901000,7.958800000,266.0
50.40894000,7.958890000,266.0
50.40878000,7.959040000,266.0
50.40869000,7.959090000,266.0
50.40851000,7.959160000,265.0
50.40776000,7.959310000,257.0
50.40748000,7.959340000,255.0
50.40669000,7.959390000,254.0
50.40600000,7.959340000,252.0
50.40570000,7.959250000,251.0
50.40560000,7.959210000,251.0
50.40489000,7.958770000,253.0
50.40468000,7.958670000,253.0
50.40447000,7.958630000,251.0
50.40403000,7.958700000,247.0
50.40392000,7.958750000,246.0
50.40331000,7.959420000,246.0
50.40315000,7.959620000,245.0
50.40264000,7.960350000,244.0
50.40235000,7.960650000,243.0
50.40224000,7.960730000,242.0
50.40202000,7.960840000,241.0
50.40190000,7.960880000,240.0
50.40103000,7.961100000,238.0
50.40069000,7.961240000,240.0
50.40046000,7.961540000,238.0
50.39980000,7.962650000,231.0
50.39964000,7.963100000,231.0
50.39958000,7.963430000,231.0
50.39952000,7.964030000,230.0
50.39960000,7.964710000,226.0
50.39970000,7.965820000,223.0
50.39978000,7.966840000,223.0
50.39959000,7.968420000,226.0
50.39957000,7.968780000,225.0
50.39956000,7.970280000,218.0
50.39942000,7.971190000,218.0
50.39903000,7.972960000,201.0
50.39891000,7.974070000,197.0
50.39889000,7.975690000,188.0
50.39881000,7.976670000,185.0
50.39842000,7.979050000,178.0
50.39819000,7.980220000,172.0
50.39808000,7.980460000,172.0
50.39801000,7.980560000,172.0
50.39785000,7.980720000,171.0
50.39686000,7.981400000,170.0
50.39649000,7.981700000,168.0
50.39638000,7.981750000,168.0
50.39565000,7.981990000,160.0
50.39506000,7.982250000,158.0
50.39344000,7.982720000,157.0
50.39159000,7.983150000,164.0
50.39086000,7.983370000,160.0
50.39068000,7.983530000,157.0
50.39059000,7.983630000,155.0
50.39046000,7.983880000,150.0
50.39041000,7.984020000,150.0
50.39034000,7.984320000,149.0
50.39032000,7.984480000,149.0
50.39032000,7.984620000,150.0
50.39034000,7.984910000,151.0
50.39062000,7.986520000,155.0
50.39062000,7.986820000,152.0
50.39058000,7.987260000,147.0
50.39024000,7.988990000,150.0
50.39006000,7.990550000,141.0
50.39013000,7.991460000,136.0
50.39005000,7.992770000,136.0
50.39010000,7.995110000,131.0
50.39010000,7.996190000,128.0
50.39002000,7.996630000,130.0
50.38999000,7.996780000,131.0
50.38991000,7.997060000,132.0
50.38980000,7.997300000,131.0
50.38932000,7.998030000,127.0
50.38907000,7.998520000,125.0
50.38898000,7.998720000,124.0
50.38878000,7.999000000,123.0
50.38851000,7.999510000,124.0
50.38846000,7.999640000,125.0
50.38837000,8.000060000,128.0
50.38806000,8.002290000,126.0
50.38796000,8.002890000,127.0
50.38782000,8.003270000,127.0
50.38772000,8.003370000,125.0
50.38757000,8.003480000,121.0
50.38741000,8.003540000,118.0
50.38728000,8.003550000,115.0
50.38703000,8.003460000,113.0
50.38680000,8.003390000,114.0
50.38638000,8.003000000,117.0
50.38595000,8.002470000,118.0
50.38515000,8.001330000,116.0
50.38335000,7.998950000,124.0
50.38294000,7.998680000,127.0
50.38250000,7.998530000,128.0
50.38212000,7.998530000,129.0
50.38183000,7.998650000,129.0
50.38147000,7.998850000,130.0
50.38133000,7.998960000,131.0
50.38101000,7.999360000,129.0
50.38038000,8.000420000,117.0
50.38024000,8.000540000,117.0
50.37950000,8.001010000,120.0
50.37913000,8.001150000,120.0
50.37870000,8.001200000,117.0
50.37649000,8.001010000,114.0
50.37559000,8.001070000,112.0
50.37471000,8.001290000,115.0
50.37417000,8.001690000,113.0
50.37333000,8.002800000,120.0
50.37235000,8.003500000,115.0
50.37130000,8.004100000,114.0
50.37095000,8.004260000,113.0
50.37086000,8.004230000,114.0
50.37078000,8.004110000,115.0
50.37068000,8.004040000,115.0
50.37056000,8.004040000,115.0
50.37047000,8.004250000,114.0
50.37039000,8.004320000,113.0
50.37007000,8.004450000,109.0
50.36998000,8.004560000,108.0
50.36995000,8.004640000,108.0
50.36992000,8.004800000,107.0
50.36995000,8.005060000,107.0
50.37018000,8.006100000,108.0
50.37024000,8.006260000,109.0
50.37036000,8.006500000,109.0
50.37039000,8.006600000,110.0
50.37041000,8.006710000,110.0
50.37040000,8.006820000,110.0
50.37038000,8.006930000,111.0
50.37029000,8.007100000,111.0
50.37015000,8.007290000,111.0
50.36993000,8.007520000,111.0
50.36990000,8.007580000,111.0
50.36989000,8.007660000,111.0
50.36990000,8.007750000,112.0
50.36993000,8.007830000,112.0
50.37004000,8.008060000,113.0
50.37052000,8.008890000,115.0
50.37054000,8.008970000,115.0
50.37050000,8.009110000,116.0
50.37030000,8.009410000,117.0
50.37020000,8.009600000,118.0
50.37020000,8.009770000,118.0
50.37095000,8.011240000,112.0
50.37096000,8.011350000,112.0
50.37089000,8.011580000,112.0
50.37077000,8.011710000,112.0
50.37035000,8.012070000,115.0
50.37018000,8.012170000,119.0
50.37011000,8.012230000,120.0
50.36974000,8.012430000,129.0
50.36966000,8.012580000,129.0
50.36948000,8.013210000,122.0
50.36906000,8.014050000,121.0
50.36898000,8.014280000,118.0
50.36872000,8.014750000,116.0
50.36848000,8.015070000,115.0
50.36834000,8.015220000,115.0
50.36825000,8.015380000,115.0
50.36838000,8.015740000,113.0
50.36839000,8.015970000,113.0
50.36834000,8.016190000,113.0
50.36804000,8.017200000,114.0
50.36801000,8.017530000,114.0
50.36796000,8.018860000,114.0
50.36777000,8.019870000,114.0
50.36772000,8.019990000,114.0
50.36767000,8.020380000,114.0
50.36742000,8.021110000,114.0
50.36727000,8.021290000,114.0
50.36686000,8.021540000,112.0
50.36654000,8.021910000,111.0
50.36528000,8.024210000,115.0
50.36512000,8.024700000,118.0
50.36510000,8.024870000,117.0
50.36512000,8.025120000,116.0
50.36514000,8.025210000,116.0
50.36524000,8.025410000,114.0
50.36525000,8.025490000,114.0
50.36500000,8.026570000,115.0
50.36493000,8.026710000,117.0
50.36470000,8.027030000,118.0
50.36401000,8.027750000,117.0
50.36389000,8.027900000,118.0
50.36367000,8.028270000,119.0
50.36364000,8.028290000,118.0
50.36351000,8.028280000,118.0
50.36328000,8.027970000,127.0
50.36318000,8.027910000,130.0
50.36279000,8.028390000,126.0
50.36257000,8.028760000,133.0
50.36253000,8.028980000,133.0
50.36258000,8.029230000,128.0
50.36263000,8.029440000,123.0
50.36270000,8.029560000,120.0
50.36272000,8.029620000,119.0
50.36261000,8.029820000,121.0
50.36250000,8.029930000,123.0
50.36156000,8.030590000,141.0
50.36126000,8.030970000,136.0
50.36110000,8.031220000,134.0
50.36054000,8.031760000,134.0
50.36014000,8.032040000,129.0
50.36002000,8.032070000,129.0
50.35987000,8.032200000,127.0
50.35983000,8.032290000,127.0
50.35987000,8.032480000,125.0
50.35990000,8.032900000,120.0
50.35983000,8.033620000,117.0
50.35971000,8.034620000,117.0
50.35972000,8.034770000,118.0
50.35984000,8.035030000,122.0
50.35983000,8.035130000,122.0
50.35965000,8.035300000,120.0
50.35885000,8.035900000,118.0
50.35832000,8.036200000,118.0
50.35716000,8.036820000,121.0
50.35574000,8.038170000,121.0
50.35565000,8.038300000,120.0
50.35559000,8.038440000,121.0
50.35500000,8.039360000,122.0
50.35437000,8.040260000,126.0
50.35425000,8.040430000,126.0
50.35395000,8.041380000,127.0
50.35394000,8.041730000,128.0
50.35398000,8.042150000,128.0
50.35394000,8.043240000,119.0
50.35384000,8.045200000,122.0
50.35380000,8.045700000,122.0
50.35373000,8.045920000,122.0
50.35364000,8.046140000,122.0
50.35340000,8.046620000,122.0
50.35302000,8.047290000,123.0
50.35298000,8.047400000,124.0
50.35297000,8.047600000,124.0
50.35288000,8.047950000,125.0
50.35281000,8.048060000,125.0
50.35276000,8.048080000,125.0
50.35254000,8.047970000,124.0
50.35183000,8.048050000,124.0
50.35169000,8.047980000,124.0
50.35160000,8.048000000,124.0
50.35119000,8.048270000,125.0
50.35085000,8.048470000,125.0
50.35074000,8.048600000,124.0
50.35031000,8.049390000,124.0
50.35021000,8.049470000,124.0
50.35009000,8.049530000,124.0
50.35003000,8.049540000,124.0
50.34992000,8.049500000,123.0
50.34972000,8.049390000,122.0
50.34967000,8.049400000,122.0
50.34955000,8.049510000,123.0
50.34566000,8.053900000,127.0
50.34566000,8.054000000,127.0
50.34568000,8.054020000,127.0
50.34620000,8.054720000,126.0
50.34619000,8.054830000,127.0
50.34562000,8.055700000,129.0
50.34491000,8.056510000,128.0
50.34417000,8.057560000,130.0
50.34414000,8.057610000,129.0
50.34421000,8.057630000,130.0
50.34486000,8.057530000,135.0
50.34524000,8.057500000,137.0
50.34561000,8.057720000,140.0
50.34592000,8.058030000,143.0
50.34623000,8.058710000,148.0
50.34643000,8.059200000,150.0
50.34656000,8.059660000,154.0
50.34657000,8.060040000,157.0
50.34655000,8.060740000,164.0
50.34656000,8.061150000,168.0
50.34699000,8.062550000,174.0
50.34704000,8.062990000,177.0
50.34730000,8.066270000,188.0
50.34734000,8.066400000,188.0
50.34741000,8.066490000,188.0
50.34800000,8.067070000,189.0
50.34809000,8.067280000,190.0
50.34978000,8.074640000,198.0
50.34984000,8.075030000,198.0
50.34983000,8.075400000,198.0
50.34975000,8.075580000,197.0
50.34886000,8.076060000,198.0
50.34809000,8.076560000,198.0
50.34806000,8.076630000,198.0
50.34807000,8.076720000,199.0
50.34813000,8.076860000,199.0
50.34919000,8.078870000,200.0
50.35048000,8.081330000,201.0
50.35087000,8.082370000,202.0
50.35195000,8.085730000,206.0
50.35280000,8.089240000,208.0
50.35308000,8.090400000,206.0
50.35308000,8.090490000,206.0
50.35305000,8.090740000,207.0
50.35255000,8.093130000,217.0
50.35195000,8.095110000,225.0
50.35139000,8.097170000,233.0
50.35107000,8.098180000,236.0
50.35080000,8.099340000,237.0
50.35066000,8.100610000,236.0
50.35043000,8.101340000,238.0
50.35032000,8.101540000,240.0
50.35025000,8.101620000,242.0
50.34998000,8.101780000,247.0
50.34980000,8.101880000,249.0
50.34940000,8.102040000,250.0
50.34919000,8.102160000,250.0
50.34862000,8.102680000,255.0
50.34832000,8.103000000,256.0
50.34800000,8.103210000,254.0
50.34792000,8.103290000,254.0
50.34626000,8.104110000,241.0
50.34513000,8.104550000,235.0
50.34470000,8.104860000,230.0
50.34439000,8.105230000,229.0
50.34428000,8.105330000,229.0
50.34422000,8.105360000,228.0
50.34372000,8.105480000,226.0
50.34350000,8.105510000,225.0
50.34331000,8.105480000,225.0
50.34304000,8.105360000,224.0
50.34195000,8.105110000,224.0
50.34171000,8.105100000,222.0
50.34155000,8.105060000,222.0
50.34144000,8.105060000,222.0
50.34142000,8.105170000,222.0
50.34141000,8.105760000,222.0
50.34137000,8.106570000,222.0
50.34136000,8.107700000,217.0
50.34131000,8.108400000,216.0
50.34119000,8.109170000,214.0
50.34109000,8.109610000,212.0
50.34103000,8.110180000,209.0
50.34105000,8.110370000,209.0
50.34108000,8.110640000,208.0
50.34113000,8.110840000,208.0
50.34149000,8.112130000,206.0
50.34150000,8.112610000,206.0
50.34138000,8.113740000,207.0
50.34141000,8.114290000,208.0
50.34195000,8.116160000,217.0
50.34342000,8.121110000,223.0
50.34395000,8.122590000,221.0
50.34406000,8.122870000,222.0
50.34414000,8.123140000,222.0
50.34477000,8.124500000,217.0
50.34497000,8.125030000,217.0
50.34507000,8.125530000,216.0
50.34515000,8.126060000,216.0
50.34513000,8.126760000,214.0
50.34506000,8.129410000,211.0
50.34512000,8.129750000,211.0
50.34509000,8.131690000,209.0
50.34511000,8.133820000,206.0
50.34510000,8.135170000,204.0
50.34514000,8.136860000,202.0
50.34494000,8.138140000,197.0
50.34493000,8.138390000,196.0
50.34503000,8.140050000,191.0
50.34517000,8.141340000,186.0
50.34514000,8.142520000,182.0
50.34505000,8.143750000,178.0
50.34504000,8.144370000,176.0
50.34508000,8.145690000,175.0
50.34520000,8.147280000,169.0
50.34524000,8.147600000,168.0
50.34551000,8.148790000,166.0
50.34617000,8.150940000,162.0
50.34665000,8.152770000,158.0
50.34723000,8.155310000,152.0
50.34794000,8.159030000,144.0
50.34794000,8.159160000,143.0
50.34810000,8.159950000,141.0
50.34806000,8.160700000,142.0
50.34821000,8.161320000,143.0
50.34824000,8.161700000,143.0
50.34816000,8.162500000,143.0
50.34819000,8.162630000,144.0
50.34828000,8.162810000,145.0
50.34828000,8.162940000,146.0
50.34825000,8.163020000,146.0
50.34818000,8.163110000,146.0
50.34780000,8.163370000,147.0
50.34666000,8.164050000,148.0
50.34557000,8.164670000,150.0
50.34480000,8.165160000,149.0
50.34372000,8.165780000,148.0
50.34297000,8.166390000,147.0
50.34211000,8.167120000,145.0
50.34134000,8.167810000,149.0
50.34098000,8.168250000,148.0
50.33999000,8.169740000,150.0
50.33904000,8.171090000,151.0
50.33812000,8.171780000,152.0
50.33728000,8.172440000,152.0
50.33599000,8.173660000,151.0
50.33522000,8.174860000,154.0
50.33455000,8.176300000,153.0
50.33409000,8.177290000,153.0
50.33400000,8.178070000,155.0
50.33399000,8.178520000,156.0
50.33407000,8.179130000,155.0
50.33392000,8.180420000,154.0
50.33346000,8.181280000,156.0
50.33261000,8.181990000,157.0
50.33226000,8.182340000,160.0
50.33201000,8.182490000,162.0
50.33168000,8.182510000,165.0
50.33147000,8.182460000,164.0
50.33121000,8.182360000,163.0
50.33097000,8.182300000,164.0
50.33050000,8.182230000,164.0
50.33017000,8.182110000,162.0
50.32926000,8.182270000,157.0
50.32900000,8.182360000,156.0
50.32883000,8.182460000,157.0
50.32872000,8.182480000,158.0
50.32863000,8.182520000,158.0
50.32833000,8.182290000,158.0
50.32824000,8.182240000,157.0
50.32821000,8.182270000,157.0
50.32814000,8.182420000,157.0
50.32811000,8.182570000,157.0
50.32808000,8.182960000,158.0
50.32801000,8.183580000,159.0
50.32798000,8.183720000,159.0
50.32786000,8.184120000,159.0
50.32760000,8.184850000,161.0
50.32748000,8.185250000,162.0
50.32729000,8.185700000,163.0
50.32716000,8.186000000,164.0
50.32668000,8.186790000,165.0
50.32639000,8.187660000,167.0
50.32623000,8.187910000,167.0
50.32475000,8.190550000,164.0
50.32445000,8.191030000,163.0
50.32269000,8.195280000,166.0
50.32207000,8.196550000,166.0
50.32064000,8.198680000,175.0
50.32016000,8.199600000,170.0
50.32012000,8.199850000,170.0
50.32012000,8.200020000,171.0
50.32017000,8.200400000,173.0
50.32013000,8.200550000,172.0
50.32004000,8.200510000,172.0
50.31935000,8.200240000,167.0
50.31929000,8.200270000,166.0
50.31923000,8.200320000,166.0
50.31920000,8.200410000,166.0
50.31913000,8.200870000,168.0
50.31871000,8.202220000,175.0
50.31829000,8.203170000,176.0
50.31818000,8.203300000,176.0
50.31744000,8.204010000,178.0
50.31685000,8.204520000,178.0
50.31634000,8.204820000,174.0
50.31599000,8.205060000,177.0
50.31552000,8.205490000,178.0
50.31544000,8.205610000,177.0
50.31539000,8.205750000,177.0
50.31532000,8.206000000,177.0
50.31528000,8.206280000,177.0
50.31529000,8.206470000,178.0
50.31535000,8.206890000,181.0
50.31541000,8.207390000,185.0
50.31539000,8.207770000,188.0
50.31530000,8.208090000,189.0
50.31479000,8.209140000,182.0
50.31439000,8.209710000,180.0
50.31388000,8.210030000,176.0
50.31284000,8.210580000,169.0
50.31262000,8.210820000,171.0
50.31236000,8.211270000,175.0
50.31196000,8.212780000,177.0
50.31173000,8.213170000,180.0
50.31144000,8.213520000,180.0
50.31099000,8.213960000,183.0
50.31062000,8.214470000,183.0
50.31035000,8.214980000,185.0
50.31007000,8.215630000,191.0
50.30975000,8.216160000,194.0
50.30945000,8.216570000,195.0
50.30916000,8.217070000,200.0
50.30905000,8.217370000,202.0
50.30896000,8.217880000,204.0
50.30880000,8.220480000,211.0
50.30872000,8.221340000,214.0
50.30866000,8.221640000,215.0
50.30846000,8.222180000,216.0
50.30647000,8.225920000,250.0
50.30628000,8.226230000,255.0
50.30611000,8.226530000,259.0
50.30587000,8.226850000,261.0
50.30477000,8.228410000,274.0
50.30450000,8.228900000,275.0
50.30435000,8.229310000,276.0
50.30428000,8.229990000,283.0
50.30432000,8.232500000,289.0
50.30448000,8.234600000,283.0
50.30478000,8.238230000,281.0
50.30484000,8.238700000,281.0
50.30507000,8.239480000,279.0
50.30645000,8.243850000,246.0
50.30692000,8.245400000,236.0
50.30702000,8.245790000,233.0
50.30716000,8.246400000,227.0
50.30725000,8.246830000,223.0
50.30740000,8.247710000,213.0
50.30752000,8.248910000,203.0
50.30754000,8.249370000,200.0
50.30768000,8.250720000,190.0
50.30788000,8.251380000,188.0
50.30800000,8.252000000,188.0
50.30800000,8.252840000,188.0
50.30809000,8.253330000,188.0
50.30828000,8.254880000,191.0
50.30828000,8.255260000,191.0
50.30798000,8.255370000,191.0
50.30778000,8.255410000,192.0
50.30707000,8.255710000,192.0
50.30647000,8.256130000,195.0
50.30438000,8.257670000,194.0
50.30360000,8.258750000,193.0
50.30345000,8.259010000,194.0
50.30242000,8.260510000,193.0
50.30156000,8.261720000,196.0
50.30002000,8.263200000,197.0
50.29933000,8.264300000,198.0
50.29890000,8.264840000,199.0
50.29875000,8.265080000,200.0
50.29820000,8.266120000,203.0
50.29761000,8.266810000,205.0
50.29736000,8.267350000,206.0
50.29721000,8.267750000,207.0
50.29727000,8.267840000,209.0
50.29734000,8.267970000,211.0
50.29741000,8.268060000,212.0
50.29747000,8.268200000,215.0
50.29776000,8.268730000,219.0
50.29829000,8.270090000,224.0
50.29827000,8.270710000,225.0
50.29830000,8.271180000,224.0
50.29831000,8.271840000,223.0
50.29828000,8.271920000,224.0
50.29823000,8.272470000,227.0
50.29821000,8.273800000,234.0
50.29815000,8.275180000,238.0
50.29817000,8.276510000,238.0
50.29810000,8.277400000,244.0
50.29796000,8.278360000,251.0
50.29778000,8.279710000,250.0
50.29774000,8.279890000,251.0
50.29752000,8.280480000,255.0
50.29722000,8.281290000,259.0
50.29635000,8.282880000,265.0
50.29625000,8.283320000,267.0
50.29622000,8.284290000,271.0
50.29622000,8.284510000,272.0
50.29608000,8.285620000,272.0
50.29605000,8.286070000,274.0
50.29617000,8.286460000,278.0
50.29644000,8.287070000,285.0
50.29667000,8.287510000,286.0
50.29666000,8.287830000,287.0
50.29661000,8.288030000,287.0
50.29638000,8.288370000,289.0
50.29628000,8.288570000,289.0
50.29650000,8.289930000,296.0
50.29658000,8.290300000,298.0
50.29685000,8.291100000,303.0
50.29715000,8.291600000,308.0
50.29736000,8.291900000,309.0
50.29794000,8.292480000,311.0
50.29843000,8.292850000,312.0
50.29903000,8.293560000,316.0
50.29940000,8.294320000,319.0
50.29957000,8.294980000,323.0
50.29966000,8.295600000,327.0
50.29969000,8.296680000,332.0
50.29967000,8.296940000,334.0
50.29961000,8.297840000,341.0
50.29950000,8.303020000,344.0
50.29946000,8.304400000,346.0
50.29932000,8.305340000,348.0
50.29907000,8.306470000,349.0
50.29880000,8.307280000,352.0
50.29848000,8.307970000,353.0
50.29752000,8.309650000,363.0
50.29686000,8.310920000,365.0
50.29543000,8.313530000,370.0
50.29471000,8.314680000,364.0
50.29425000,8.315670000,365.0
50.29393000,8.317400000,373.0
50.29383000,8.318150000,375.0
50.29374000,8.319930000,375.0
50.29354000,8.321250000,377.0
50.29313000,8.322510000,372.0
50.29272000,8.323250000,369.0
50.29130000,8.325510000,373.0
50.29013000,8.327530000,378.0
50.28890000,8.329590000,388.0
50.28820000,8.330530000,397.0
50.28785000,8.330830000,400.0
50.28749000,8.331140000,401.0
50.28702000,8.331520000,407.0
50.28680000,8.331750000,409.0
50.28654000,8.331990000,411.0
50.28611000,8.332240000,414.0
50.28575000,8.332550000,414.0
50.28498000,8.333130000,416.0
50.28451000,8.333480000,415.0
50.28395000,8.334080000,414.0
50.28361000,8.334500000,411.0
50.28329000,8.335220000,408.0
50.28303000,8.336120000,409.0
50.28292000,8.337020000,412.0
50.28281000,8.339760000,422.0
50.28276000,8.341170000,429.0
50.28272000,8.342960000,436.0
50.28268000,8.343600000,436.0
50.28261000,8.344380000,437.0
50.28247000,8.345190000,439.0
50.28232000,8.345890000,441.0
50.28188000,8.347430000,446.0
50.28150000,8.348940000,455.0
50.28142000,8.349480000,459.0
50.28138000,8.350240000,465.0
50.28137000,8.351490000,472.0
50.28145000,8.352290000,474.0
50.28147000,8.352680000,475.0
50.28153000,8.353160000,474.0
50.28156000,8.354670000,475.0
50.28138000,8.356010000,474.0
50.28082000,8.358330000,473.0
50.28060000,8.359760000,475.0
50.28061000,8.360680000,479.0
50.28074000,8.361490000,477.0
50.28162000,8.365500000,460.0
50.28173000,8.366070000,461.0
50.28180000,8.366730000,463.0
50.28179000,8.366850000,463.0
50.28171000,8.367070000,462.0
50.28165000,8.367160000,462.0
50.28129000,8.367300000,460.0
50.28102000,8.367500000,456.0
50.28035000,8.368340000,448.0
50.27997000,8.368760000,445.0
50.27953000,8.369110000,440.0
50.27904000,8.369440000,435.0
50.27813000,8.369950000,430.0
50.27745000,8.370320000,426.0
50.27673000,8.370750000,421.0
50.27618000,8.371180000,415.0
50.27537000,8.371900000,410.0
50.27511000,8.372150000,409.0
50.27475000,8.372550000,408.0
50.27441000,8.372970000,405.0
50.27391000,8.373720000,400.0
50.27358000,8.374350000,400.0
50.27322000,8.375110000,398.0
50.27314000,8.375220000,397.0
50.27304000,8.375300000,396.0
50.27292000,8.375330000,397.0
50.27281000,8.375340000,397.0
50.27270000,8.375300000,397.0
50.27254000,8.375090000,397.0
50.27235000,8.374700000,398.0
50.27228000,8.374610000,397.0
50.27219000,8.374540000,397.0
50.27210000,8.374490000,397.0
50.27192000,8.374450000,396.0
50.27079000,8.374400000,394.0
50.27070000,8.374370000,393.0
50.27060000,8.374300000,394.0
50.27043000,8.374130000,393.0
50.26997000,8.373780000,385.0
50.26989000,8.373700000,385.0
50.26981000,8.373590000,385.0
50.26974000,8.373460000,385.0
50.26964000,8.373160000,387.0
50.26946000,8.372740000,390.0
50.26938000,8.372620000,390.0
50.26912000,8.372300000,392.0
50.26903000,8.372210000,393.0
50.26893000,8.372140000,393.0
50.26869000,8.372060000,391.0
50.26827000,8.372000000,385.0
50.26776000,8.371890000,376.0
50.26695000,8.371610000,374.0
50.26587000,8.370920000,367.0
50.26540000,8.370810000,363.0
50.26528000,8.370840000,362.0
50.26501000,8.370990000,362.0
50.26456000,8.371290000,362.0
50.26424000,8.371610000,361.0
50.26413000,8.371690000,361.0
50.26400000,8.371730000,360.0
50.26388000,8.371720000,359.0
50.26377000,8.371650000,359.0
50.26365000,8.371560000,358.0
50.26283000,8.370720000,353.0
50.26222000,8.370310000,348.0
50.26148000,8.369940000,340.0
50.26100000,8.369630000,337.0
50.26088000,8.369610000,335.0
50.26076000,8.369620000,335.0
50.26027000,8.369740000,330.0
50.26015000,8.369720000,329.0
50.26003000,8.369660000,327.0
50.25992000,8.369580000,327.0
50.25982000,8.369470000,326.0
50.25973000,8.369330000,326.0
50.25957000,8.369010000,324.0
50.25951000,8.368840000,323.0
50.25927000,8.367920000,321.0
50.25907000,8.367230000,321.0
50.25894000,8.366950000,320.0
50.25880000,8.366780000,319.0
50.25873000,8.366740000,319.0
50.25868000,8.366740000,318.0
50.25864000,8.366800000,317.0
50.25866000,8.367050000,315.0
50.25879000,8.367300000,314.0
50.25885000,8.367520000,315.0
50.25900000,8.368400000,314.0
50.25923000,8.369250000,317.0
50.25945000,8.370690000,316.0
50.25971000,8.371750000,313.0
50.26014000,8.372910000,319.0
50.26020000,8.373140000,320.0
50.26022000,8.373300000,319.0
50.26021000,8.373630000,319.0
50.26004000,8.374560000,321.0
50.25945000,8.377630000,326.0
50.25934000,8.378110000,328.0
50.25919000,8.378500000,327.0
50.25899000,8.378880000,328.0
50.25890000,8.378960000,328.0
50.25848000,8.379200000,331.0
50.25807000,8.379490000,333.0
50.25735000,8.380210000,332.0
50.25688000,8.380610000,333.0
50.25613000,8.380990000,338.0
50.25552000,8.381270000,338.0
50.25544000,8.381350000,338.0
50.25490000,8.382290000,339.0
50.25434000,8.383300000,341.0
50.25427000,8.383480000,341.0
50.25418000,8.383750000,341.0
50.25415000,8.384070000,341.0
50.25418000,8.384270000,340.0
50.25434000,8.384650000,338.0
50.25449000,8.384910000,338.0
50.25455000,8.385110000,338.0
50.25456000,8.385210000,338.0
50.25455000,8.385410000,338.0
50.25435000,8.385850000,338.0
50.25425000,8.386210000,340.0
50.25413000,8.386610000,342.0
50.25351000,8.387080000,346.0
50.25293000,8.387460000,351.0
50.25233000,8.387830000,353.0
50.25170000,8.388060000,356.0
50.25127000,8.388180000,359.0
50.25086000,8.388340000,363.0
50.25047000,8.388560000,363.0
50.24993000,8.389150000,364.0
50.24919000,8.389860000,367.0
50.24878000,8.390170000,370.0
50.24810000,8.390610000,377.0
50.24786000,8.390950000,377.0
50.24771000,8.391330000,378.0
50.24753000,8.391730000,383.0
50.24739000,8.392300000,395.0
50.24743000,8.392880000,397.0
50.24766000,8.393520000,396.0
50.24790000,8.394230000,405.0
50.24787000,8.394470000,409.0
50.24757000,8.395000000,417.0
50.24739000,8.395060000,418.0
50.24725000,8.394830000,417.0
50.24704000,8.394600000,419.0
50.24670000,8.394640000,423.0
50.24635000,8.394860000,423.0
50.24605000,8.395080000,423.0
50.24562000,8.395980000,430.0
50.24514000,8.396980000,422.0
50.24469000,8.398110000,415.0
50.24457000,8.398790000,417.0
50.24446000,8.399410000,420.0
50.24420000,8.399980000,419.0
50.24399000,8.400660000,420.0
50.24383000,8.401530000,428.0
50.24370000,8.401830000,430.0
50.24356000,8.402080000,431.0
50.24246000,8.403660000,434.0
50.24209000,8.404290000,432.0
50.24203000,8.404360000,433.0
50.24201000,8.404440000,433.0
50.24204000,8.404530000,434.0
50.24207000,8.404550000,435.0
50.24236000,8.404610000,439.0
50.24285000,8.404590000,446.0
50.24314000,8.404430000,447.0
50.24365000,8.404030000,447.0
50.24405000,8.403840000,457.0
50.24435000,8.403650000,461.0
50.24476000,8.403210000,460.0
50.24500000,8.403000000,459.0
50.24516000,8.402970000,460.0
50.24549000,8.403050000,465.0
50.24604000,8.403290000,473.0
50.24642000,8.403280000,474.0
50.24676000,8.403180000,476.0
50.24694000,8.403240000,477.0
50.24708000,8.403390000,481.0
50.24711000,8.403590000,485.0
50.24706000,8.403810000,488.0
50.24663000,8.404190000,487.0
50.24609000,8.404990000,501.0
50.24590000,8.405170000,505.0
50.24518000,8.405560000,505.0
50.24489000,8.405790000,505.0
50.24450000,8.406130000,504.0
50.24440000,8.406450000,505.0
50.24438000,8.406770000,507.0
50.24430000,8.407980000,512.0
50.24432000,8.408630000,516.0
50.24430000,8.409420000,518.0
50.24423000,8.409880000,518.0
50.24405000,8.410420000,518.0
50.24387000,8.410580000,520.0
50.24343000,8.410710000,529.0
50.24333000,8.410930000,537.0
50.24345000,8.411170000,537.0
50.24364000,8.411280000,534.0
50.24426000,8.411350000,534.0
50.24451000,8.411220000,537.0
50.24479000,8.410950000,543.0
50.24524000,8.409890000,550.0
50.24541000,8.409320000,551.0
50.24561000,8.408730000,552.0
50.24575000,8.408450000,554.0
50.24598000,8.408210000,556.0
50.24628000,8.408180000,559.0
50.24658000,8.408260000,562.0
50.24700000,8.408460000,566.0
50.24737000,8.408530000,569.0
50.24828000,8.408760000,575.0
50.24855000,8.408730000,574.0
50.24939000,8.408340000,576.0
50.24998000,8.408320000,581.0
50.25031000,8.408430000,580.0
50.25079000,8.408840000,583.0
50.25118000,8.409280000,585.0
50.25154000,8.409620000,580.0
50.25194000,8.409810000,577.0
50.25237000,8.409980000,580.0
50.25270000,8.410220000,583.0
50.25282000,8.410370000,584.0
50.25296000,8.410600000,585.0
50.25295000,8.410910000,585.0
50.25271000,8.411730000,590.0
50.25223000,8.413650000,591.0
50.25191000,8.414590000,595.0
50.25183000,8.414770000,595.0
50.25161000,8.415150000,594.0
50.25121000,8.415780000,591.0
50.25061000,8.416520000,593.0
50.25014000,8.417040000,587.0
50.24935000,8.417560000,585.0
50.24925000,8.417700000,585.0
50.24917000,8.417890000,584.0
50.24905000,8.418290000,582.0
50.24902000,8.418510000,582.0
50.24892000,8.419550000,582.0
50.24886000,8.419760000,583.0
50.24875000,8.420040000,584.0
50.24860000,8.420250000,583.0
50.24848000,8.420360000,583.0
50.24793000,8.420530000,581.0
50.24630000,8.420800000,575.0
50.24603000,8.420890000,576.0
50.24577000,8.421060000,573.0
50.24559000,8.421140000,570.0
50.24540000,8.421150000,569.0
50.24473000,8.420980000,568.0
50.24463000,8.420990000,567.0
50.24452000,8.421030000,565.0
50.24443000,8.421080000,564.0
50.24434000,8.421170000,562.0
50.24417000,8.421360000,557.0
50.24403000,8.421590000,552.0
50.24369000,8.422420000,545.0
50.24365000,8.422580000,545.0
50.24352000,8.423270000,542.0
50.24328000,8.424250000,543.0
50.24327000,8.424420000,542.0
50.24326000,8.424770000,541.0
50.24335000,8.425890000,536.0
50.24335000,8.426080000,535.0
50.24339000,8.426260000,534.0
50.24349000,8.426380000,533.0
50.24381000,8.426500000,531.0
50.24425000,8.426520000,534.0
50.24430000,8.426540000,535.0
50.24456000,8.426640000,540.0
50.24457000,8.426730000,540.0
50.24455000,8.426890000,540.0
50.24379000,8.429040000,540.0
50.24350000,8.429460000,543.0
50.24307000,8.429840000,546.0
50.24191000,8.431090000,548.0
50.24138000,8.431640000,550.0
50.24096000,8.432080000,553.0
50.24045000,8.432460000,556.0
50.24015000,8.432640000,559.0
50.23926000,8.432920000,567.0
50.23855000,8.433120000,575.0
50.23573000,8.433900000,596.0
50.23537000,8.434040000,597.0
50.23358000,8.434620000,613.0
50.23274000,8.434860000,632.0
50.23217000,8.435070000,641.0
50.23192000,8.435210000,644.0
50.23139000,8.435650000,643.0
50.23118000,8.435770000,644.0
50.23099000,8.435810000,646.0
50.23086000,8.435820000,647.0
50.23067000,8.435860000,651.0
50.23042000,8.435660000,658.0
50.23024000,8.435460000,663.0
50.23006000,8.435160000,669.0
50.22941000,8.434250000,678.0
50.22917000,8.433990000,680.0
50.22904000,8.433930000,682.0
50.22886000,8.433960000,685.0
50.22860000,8.434160000,685.0
50.22826000,8.434520000,685.0
50.22779000,8.434900000,687.0
50.22724000,8.435110000,689.0
50.22678000,8.435380000,690.0
50.22628000,8.436010000,695.0
50.22602000,8.436240000,697.0
50.22571000,8.436430000,699.0
50.22540000,8.436400000,698.0
50.22312000,8.435710000,689.0
50.22200000,8.435400000,687.0
50.22162000,8.435320000,683.0
50.22153000,8.435320000,682.0
50.22135000,8.435390000,681.0
50.22070000,8.436040000,685.0
50.22019000,8.436370000,685.0
50.21940000,8.436440000,681.0
50.21901000,8.436440000,682.0
50.21868000,8.436190000,680.0
50.21766000,8.435410000,671.0
50.21750000,8.435180000,670.0
50.21744000,8.435050000,671.0
50.21695000,8.433750000,669.0
50.21630000,8.432570000,663.0
50.21584000,8.432020000,661.0
50.21574000,8.431930000,660.0
50.21552000,8.431810000,656.0
50.21540000,8.431770000,654.0
50.21529000,8.431750000,652.0
50.21517000,8.431770000,651.0
50.21495000,8.431870000,651.0
50.21401000,8.432360000,645.0
50.21340000,8.432700000,637.0
50.21264000,8.433100000,629.0
50.21213000,8.433410000,626.0
50.21113000,8.434180000,625.0
50.20994000,8.435130000,612.0
50.20887000,8.436040000,602.0
50.20864000,8.436210000,600.0
50.20852000,8.436260000,598.0
50.20839000,8.436270000,597.0
50.20826000,8.436260000,595.0
50.20812000,8.436210000,593.0
50.20798000,8.436140000,591.0
50.20774000,8.435930000,585.0
50.20603000,8.434270000,564.0
50.20593000,8.434170000,564.0
50.20585000,8.434170000,564.0
50.20462000,8.436360000,572.0
50.20387000,8.437450000,563.0
50.20232000,8.439510000,548.0
50.20178000,8.440190000,545.0
50.20126000,8.440900000,543.0
50.19771000,8.445490000,516.0
50.19673000,8.446800000,511.0
50.19617000,8.447590000,504.0
50.19586000,8.448150000,499.0
50.19568000,8.448750000,499.0
50.19560000,8.449300000,501.0
50.19560000,8.449670000,503.0
50.19564000,8.450000000,505.0
50.19574000,8.450460000,506.0
50.19631000,8.452230000,504.0
50.19674000,8.453800000,495.0
50.19684000,8.454450000,496.0
50.19683000,8.455220000,489.0
50.19681000,8.455410000,488.0
50.19658000,8.456440000,485.0
50.19639000,8.457080000,477.0
50.19523000,8.460480000,456.0
50.19496000,8.461140000,453.0
50.19485000,8.461330000,449.0
50.19472000,8.461500000,444.0
50.19444000,8.461810000,437.0
50.19402000,8.462170000,432.0
50.19330000,8.462690000,426.0
50.19200000,8.463610000,412.0
50.19090000,8.464480000,399.0
50.18896000,8.465950000,382.0
50.18867000,8.466160000,380.0
50.18838000,8.466320000,378.0
50.18797000,8.466470000,378.0
50.18777000,8.466620000,379.0
50.18731000,8.467540000,374.0
50.18704000,8.468250000,374.0
50.18664000,8.468920000,376.0
50.18619000,8.469180000,376.0
50.18573000,8.469230000,376.0
50.18514000,8.469080000,377.0
50.18458000,8.468990000,379.0
50.18413000,8.469090000,382.0
50.18383000,8.469290000,384.0
50.18362000,8.469540000,386.0
50.18353000,8.469680000,387.0
50.18344000,8.469850000,389.0
50.18295000,8.470920000,392.0
50.18239000,8.471900000,395.0
50.18173000,8.472810000,391.0
50.18128000,8.473730000,390.0
50.18113000,8.474000000,388.0
50.18107000,8.474070000,387.0
50.18088000,8.474270000,383.0
50.18057000,8.474470000,381.0
50.18052000,8.474490000,381.0
50.18047000,8.474480000,381.0
50.18042000,8.474450000,381.0
50.18028000,8.474320000,381.0
50.18020000,8.474270000,380.0
50.18010000,8.474250000,379.0
50.17995000,8.474320000,378.0
50.17983000,8.474430000,378.0
50.17970000,8.474620000,378.0
50.17958000,8.474750000,379.0
50.17955000,8.474900000,379.0
50.17949000,8.475000000,379.0
50.17946000,8.475140000,379.0
50.17916000,8.475300000,378.0
50.17904000,8.475340000,378.0
50.17899000,8.475380000,377.0
50.17897000,8.475490000,377.0
50.17896000,8.475700000,378.0
50.17895000,8.475770000,378.0
50.17846000,8.476740000,384.0
50.17845000,8.476880000,384.0
50.17847000,8.477250000,386.0
50.17844000,8.477390000,386.0
50.17823000,8.478190000,387.0
50.17823000,8.478620000,387.0
50.17832000,8.480520000,383.0
50.17825000,8.481740000,391.0
50.17831000,8.482190000,393.0
50.17875000,8.483200000,390.0
50.17915000,8.484370000,386.0
50.17932000,8.485730000,380.0
50.17936000,8.486310000,377.0
50.17935000,8.486460000,377.0
50.17928000,8.486970000,374.0
50.17923000,8.487140000,372.0
50.17917000,8.487300000,371.0
50.17907000,8.487420000,370.0
50.17897000,8.487520000,369.0
50.17874000,8.487640000,367.0
50.17838000,8.487780000,366.0
50.17813000,8.487840000,363.0
50.17801000,8.487840000,362.0
50.17788000,8.487810000,361.0
50.17776000,8.487740000,361.0
50.17764000,8.487630000,361.0
50.17723000,8.487060000,363.0
50.17712000,8.486970000,365.0
50.17701000,8.486920000,366.0
50.17690000,8.486910000,366.0
50.17679000,8.486930000,364.0
50.17668000,8.486990000,362.0
50.17657000,8.487100000,361.0
50.17649000,8.487240000,359.0
50.17643000,8.487420000,358.0
50.17639000,8.487620000,356.0
50.17636000,8.488220000,349.0
50.17631000,8.488400000,348.0
50.17608000,8.488920000,344.0
50.17603000,8.489100000,343.0
50.17600000,8.489310000,341.0
50.17601000,8.490180000,334.0
50.17584000,8.491270000,328.0
50.17579000,8.491720000,326.0
50.17576000,8.492610000,319.0
50.17566000,8.493200000,316.0
50.17554000,8.493480000,315.0
50.17534000,8.493700000,315.0
50.17462000,8.494640000,310.0
50.17422000,8.495220000,305.0
50.17388000,8.495850000,298.0
50.17332000,8.497030000,287.0
50.17323000,8.497120000,286.0
50.17313000,8.497190000,284.0
50.17303000,8.497200000,283.0
50.17292000,8.497190000,280.0
50.17282000,8.497120000,279.0
50.17274000,8.497010000,278.0
50.17261000,8.496560000,277.0
50.17248000,8.495890000,280.0
50.17240000,8.495740000,278.0
50.17231000,8.495770000,275.0
50.17226000,8.496110000,272.0
50.17229000,8.497620000,264.0
50.17245000,8.500350000,248.0
50.17242000,8.500740000,245.0
50.17235000,8.501110000,241.0
50.17208000,8.502070000,234.0
50.17186000,8.502660000,229.0
50.17134000,8.503910000,222.0
50.17084000,8.505160000,220.0
50.17055000,8.505860000,215.0
50.17021000,8.506580000,210.0
50.16991000,8.507290000,207.0
50.16979000,8.507690000,207.0
50.16967000,8.508340000,209.0
50.16965000,8.508760000,207.0
50.16960000,8.509130000,205.0
50.16939000,8.509920000,201.0
50.16881000,8.511120000,194.0
50.16830000,8.512330000,190.0
50.16781000,8.513770000,187.0
50.16757000,8.515180000,185.0
50.16738000,8.516840000,183.0
50.16720000,8.517810000,182.0
50.16721000,8.517940000,182.0
50.16728000,8.518090000,180.0
50.16765000,8.518290000,173.0
50.16797000,8.518610000,172.0
50.16838000,8.519170000,174.0
50.16941000,8.520670000,179.0
50.17108000,8.523250000,193.0
50.17195000,8.524950000,200.0
50.17222000,8.525870000,203.0
50.17222000,8.526050000,203.0
50.17212000,8.526220000,203.0
50.17129000,8.527450000,201.0
50.17001000,8.529180000,197.0
50.16813000,8.531330000,190.0
50.16736000,8.532280000,188.0
50.16627000,8.533560000,185.0
50.16526000,8.534400000,181.0
50.16406000,8.535090000,180.0
50.16402000,8.535130000,180.0
50.16399000,8.535190000,179.0
50.16398000,8.535260000,179.0
50.16398000,8.535590000,177.0
50.16396000,8.535750000,177.0
50.16388000,8.535970000,176.0
50.16379000,8.536090000,176.0
50.16365000,8.536240000,176.0
50.16323000,8.536800000,176.0
50.16284000,8.537410000,176.0
50.16268000,8.537640000,177.0
50.16263000,8.537680000,177.0
50.16125000,8.539930000,171.0
50.16120000,8.540040000,171.0
50.16079000,8.541130000,171.0
50.16021000,8.542160000,170.0
50.15998000,8.542940000,170.0
50.15970000,8.544010000,168.0
50.15953000,8.545300000,165.0
50.15948000,8.545530000,165.0
50.15943000,8.545660000,164.0
50.15904000,8.546200000,163.0
50.15881000,8.546530000,163.0
50.15865000,8.546680000,163.0
50.15795000,8.547170000,162.0
50.15745000,8.547710000,162.0
50.15730000,8.547820000,162.0
50.15682000,8.548110000,160.0
50.15633000,8.548740000,158.0
50.15628000,8.548870000,158.0
50.15675000,8.550150000,154.0
50.15718000,8.551390000,153.0
50.15742000,8.552500000,153.0
50.15741000,8.552620000,153.0
50.15732000,8.552780000,153.0
50.15736000,8.552890000,154.0
50.15742000,8.553370000,155.0
50.15737000,8.553620000,154.0
50.15734000,8.553710000,154.0
50.15684000,8.554730000,152.0
50.15666000,8.555000000,153.0
50.15614000,8.555480000,152.0
50.15610000,8.555540000,152.0
50.15543000,8.556710000,149.0
50.15518000,8.557310000,150.0
50.15491000,8.557810000,149.0
50.15437000,8.558620000,148.0
50.15339000,8.559830000,147.0
50.15313000,8.560180000,146.0
50.15133000,8.562490000,141.0
50.14753000,8.567240000,139.0
50.14680000,8.568550000,137.0
50.14571000,8.570740000,135.0
50.14571000,8.570830000,135.0
50.14573000,8.570870000,135.0
50.14610000,8.571640000,137.0
50.14634000,8.571990000,137.0
50.14639000,8.572090000,138.0
50.14641000,8.572270000,138.0
50.14640000,8.572580000,138.0
50.14644000,8.572700000,138.0
50.14658000,8.572950000,138.0
50.14737000,8.574740000,141.0
50.14781000,8.575770000,143.0
50.14811000,8.576510000,143.0
50.14842000,8.577020000,143.0
50.14874000,8.577710000,144.0
50.15361000,8.588800000,143.0
50.15368000,8.588980000,144.0
50.15372000,8.589190000,144.0
50.15384000,8.590240000,143.0
50.15386000,8.590630000,143.0
50.15393000,8.590870000,144.0
50.15582000,8.594520000,138.0
50.15583000,8.594590000,138.0
50.15582000,8.594730000,138.0
50.15519000,8.596560000,139.0
50.15455000,8.597770000,137.0
50.15344000,8.599010000,136.0
50.15145000,8.600860000,129.0
50.15031000,8.601900000,124.0
50.14943000,8.602800000,120.0
50.14842000,8.603730000,114.0
50.14645000,8.605610000,116.0
50.14610000,8.605930000,117.0
50.14491000,8.606730000,115.0
50.14458000,8.607150000,114.0
50.14391000,8.607770000,114.0
50.14378000,8.607870000,114.0
50.14265000,8.608930000,115.0
50.14203000,8.609490000,115.0
50.14140000,8.609980000,115.0
50.14104000,8.610430000,114.0
50.13895000,8.612360000,110.0
50.13866000,8.612600000,109.0
50.13803000,8.613150000,110.0
50.13711000,8.613990000,107.0
50.13531000,8.615530000,104.0
50.13489000,8.615880000,104.0
50.13467000,8.616020000,106.0
50.13453000,8.616080000,106.0
50.13450000,8.616120000,106.0
50.13450000,8.616230000,106.0
50.13448000,8.616280000,106.0
50.13445000,8.616320000,106.0
50.13432000,8.616400000,106.0
50.13423000,8.616430000,106.0
50.13407000,8.616630000,105.0
50.13337000,8.617230000,102.0
50.13306000,8.617390000,101.0
50.13279000,8.617770000,104.0
50.13261000,8.617900000,105.0
50.13213000,8.618380000,104.0
50.13202000,8.618560000,104.0
50.13198000,8.618740000,104.0
50.13177000,8.619010000,105.0
50.13091000,8.620290000,103.0
50.13014000,8.621140000,102.0
50.13009000,8.621220000,102.0
50.12996000,8.621450000,101.0
50.12965000,8.622220000,100.0
50.12944000,8.622980000,102.0
50.12922000,8.623520000,102.0
50.12915000,8.623870000,102.0
50.12915000,8.624170000,101.0
50.12924000,8.625450000,100.0
50.12929000,8.625920000,101.0
50.12941000,8.626750000,101.0
50.12944000,8.627100000,100.0
50.12952000,8.627970000,98.0
50.12951000,8.628230000,99.0
50.12949000,8.628310000,100.0
50.12943000,8.628450000,100.0
50.12760000,8.630950000,101.0
50.12652000,8.632260000,101.0
50.12584000,8.632990000,103.0
50.12458000,8.634390000,102.0
50.12405000,8.635150000,103.0
50.12390000,8.635400000,103.0
50.12387000,8.635510000,103.0
50.12366000,8.636010000,105.0
50.12356000,8.636210000,106.0
50.12304000,8.637040000,108.0
50.12287000,8.637290000,108.0
50.12264000,8.637700000,108.0
50.12237000,8.638060000,106.0
50.12130000,8.639860000,104.0
50.11892000,8.643710000,103.0
50.11857000,8.644240000,104.0
50.11763000,8.645460000,104.0
50.11752000,8.645570000,103.0
50.11737000,8.646000000,104.0
50.11703000,8.647820000,102.0
50.11695000,8.648420000,102.0
50.11675000,8.652370000,109.0
50.11663000,8.653360000,108.0
50.11644000,8.656040000,108.0
50.11558000,8.655990000,110.0
50.11552000,8.656060000,110.0
50.11540000,8.656130000,109.0
50.11537000,8.657600000,106.0
50.11533000,8.658480000,106.0
50.11528000,8.659140000,105.0
50.11502000,8.659900000,101.0
50.11472000,8.660580000,101.0
50.11437000,8.660990000,102.0
50.11423000,8.661130000,103.0
50.11377000,8.661440000,104.0
50.11321000,8.661750000,100.0
50.11300000,8.661910000,98.0
50.11282000,8.662030000,99.0
50.11190000,8.662540000,101.0
50.11127000,8.662880000,105.0
50.11071000,8.663210000,108.0
50.11019000,8.663620000,102.0
50.10999000,8.663800000,102.0
50.10988000,8.663880000,103.0
50.10963000,8.664400000,104.0
50.10951000,8.664580000,104.0
50.10938000,8.664710000,105.0
50.10874000,8.665470000,109.0
50.10821000,8.666320000,109.0
50.10788000,8.666710000,108.0
50.10478000,8.670880000,102.0
