Latitude,Longitude,Elevation
56.32864000,44.03351000,75.0
56.32905000,44.03385000,73.0
56.32904000,44.03385000,73.0
56.32888000,44.03375000,74.0
56.32885000,44.03373000,74.0
56.32905000,44.03257000,75.0
56.32909000,44.03226000,75.0
56.32914000,44.03178000,74.0
56.32927000,44.02927000,76.0
56.32935000,44.02863000,76.0
56.32946000,44.02811000,79.0
56.32977000,44.02687000,79.0
56.32986000,44.02639000,78.0
56.32988000,44.02595000,78.0
56.32986000,44.02512000,78.0
56.32992000,44.02451000,78.0
56.33000000,44.02414000,77.0
56.33012000,44.02373000,77.0
56.33045000,44.02290000,75.0
56.33056000,44.02254000,74.0
56.33066000,44.02219000,74.0
56.33080000,44.02148000,74.0
56.33091000,44.02085000,74.0
56.33101000,44.02009000,74.0
56.33124000,44.01804000,78.0
56.33167000,44.01439000,74.0
56.33169000,44.01400000,76.0
56.33169000,44.01334000,75.0
56.33157000,44.01014000,79.0
56.33157000,44.00929000,77.0
56.33167000,44.00864000,75.0
56.33184000,44.00689000,77.0
56.33192000,44.00617000,77.0
56.33193000,44.00592000,76.0
56.33188000,44.00496000,75.0
56.33149000,43.99922000,74.0
56.33140000,43.99813000,74.0
56.33103000,43.99563000,74.0
56.33057000,43.99276000,73.0
56.33036000,43.99156000,77.0
56.33026000,43.99113000,77.0
56.32968000,43.98907000,75.0
56.32845000,43.98460000,73.0
56.32667000,43.98029000,76.0
56.32642000,43.98016000,77.0
56.32622000,43.98003000,78.0
56.32609000,43.97988000,77.0
56.32598000,43.97971000,77.0
56.32581000,43.97935000,78.0
56.32537000,43.97830000,78.0
56.32548000,43.97802000,78.0
56.32791000,43.97272000,61.0
56.33020000,43.96766000,66.0
56.33036000,43.96750000,71.0
56.33045000,43.96744000,73.0
56.33094000,43.96726000,76.0
56.33129000,43.96708000,74.0
56.33143000,43.96699000,74.0
56.33157000,43.96683000,73.0
56.33177000,43.96643000,73.0
56.33204000,43.96575000,72.0
56.33227000,43.96532000,73.0
56.33265000,43.96477000,73.0
56.33282000,43.96441000,72.0
56.33333000,43.96316000,73.0
56.33401000,43.96169000,74.0
56.33449000,43.96059000,73.0
56.33458000,43.96047000,73.0
56.33497000,43.95979000,72.0
56.33520000,43.95933000,72.0
56.33576000,43.95806000,71.0
56.33593000,43.95799000,71.0
56.33608000,43.95796000,71.0
56.33622000,43.95777000,72.0
56.33627000,43.95763000,72.0
56.33630000,43.95745000,71.0
56.33629000,43.95727000,71.0
56.33625000,43.95706000,70.0
56.33632000,43.95658000,70.0
56.33761000,43.95354000,70.0
56.33773000,43.95314000,70.0
56.33782000,43.95291000,71.0
56.33800000,43.95218000,70.0
56.33807000,43.95177000,70.0
56.33834000,43.94849000,70.0
56.33844000,43.94773000,68.0
56.33852000,43.94732000,68.0
56.33860000,43.94699000,68.0
56.33878000,43.94647000,69.0
56.34165000,43.93953000,75.0
56.34183000,43.93906000,76.0
56.34196000,43.93862000,75.0
56.34206000,43.93812000,74.0
56.34212000,43.93761000,73.0
56.34219000,43.93663000,76.0
56.34223000,43.93633000,76.0
56.34232000,43.93593000,76.0
56.34250000,43.93527000,74.0
56.34263000,43.93488000,74.0
56.34333000,43.93320000,76.0
56.34341000,43.93292000,78.0
56.34343000,43.93271000,79.0
56.34333000,43.93111000,74.0
56.34310000,43.93085000,74.0
56.34233000,43.92989000,82.0
56.34219000,43.92976000,83.0
56.34202000,43.92966000,82.0
56.34184000,43.92960000,82.0
56.34160000,43.92958000,81.0
56.34091000,43.92973000,78.0
56.34073000,43.92902000,78.0
56.34073000,43.92901000,78.0
56.33996000,43.92588000,79.0
56.33956000,43.92414000,75.0
56.34016000,43.92364000,76.0
56.34123000,43.92280000,76.0
56.34149000,43.92264000,77.0
56.34179000,43.92266000,77.0
56.34371000,43.92261000,77.0
56.34461000,43.92210000,76.0
56.34508000,43.92186000,77.0
56.34646000,43.92190000,76.0
56.34769000,43.92207000,77.0
56.34859000,43.92231000,77.0
56.34939000,43.92264000,80.0
56.35052000,43.92334000,77.0
56.35149000,43.92399000,71.0
56.35530000,43.92669000,69.0
56.35780000,43.92843000,69.0
56.35864000,43.92908000,69.0
56.35948000,43.92980000,70.0
56.36063000,43.93088000,75.0
56.36299000,43.93341000,78.0
56.36382000,43.93441000,77.0
56.36425000,43.93501000,76.0
56.36516000,43.93635000,76.0
56.36554000,43.93696000,76.0
56.36601000,43.93762000,77.0
56.36777000,43.94018000,76.0
56.36859000,43.94145000,75.0
56.36910000,43.94219000,75.0
56.37014000,43.94362000,75.0
56.39056000,43.97412000,72.0
56.39098000,43.97484000,70.0
56.39125000,43.97535000,70.0
56.39148000,43.97587000,70.0
56.39206000,43.97765000,69.0
56.39278000,43.98038000,67.0
56.39304000,43.98148000,68.0
56.39336000,43.98276000,67.0
56.39359000,43.98349000,66.0
56.39409000,43.98479000,68.0
56.39446000,43.98549000,68.0
56.39485000,43.98646000,68.0
56.39499000,43.98721000,67.0
56.39503000,43.98791000,68.0
56.39497000,43.98887000,67.0
56.39497000,43.98923000,67.0
56.39502000,43.98950000,67.0
56.39511000,43.98976000,67.0
56.39522000,43.98994000,67.0
56.39540000,43.99010000,68.0
56.39574000,43.99018000,69.0
56.39838000,43.99049000,68.0
56.39914000,43.99055000,70.0
56.39957000,43.99046000,73.0
56.39983000,43.99030000,74.0
56.40017000,43.98994000,75.0
56.40032000,43.98956000,76.0
56.40060000,43.98860000,78.0
56.40066000,43.98832000,78.0
56.40072000,43.98786000,78.0
56.40075000,43.98742000,77.0
56.40079000,43.98645000,77.0
56.40080000,43.98578000,77.0
56.40079000,43.98549000,77.0
56.40075000,43.98520000,77.0
56.40070000,43.98494000,77.0
56.40011000,43.98323000,77.0
56.40011000,43.98322000,77.0
56.39999000,43.98288000,77.0
56.39979000,43.98242000,77.0
56.39970000,43.98230000,77.0
56.39959000,43.98219000,77.0
56.39923000,43.98200000,76.0
56.39926000,43.98162000,77.0
56.39934000,43.98118000,78.0
56.39993000,43.98128000,78.0
56.40397000,43.98151000,76.0
56.40396000,43.98151000,76.0
56.40449000,43.98152000,76.0
56.40472000,43.98146000,77.0
56.40525000,43.98112000,79.0
56.40542000,43.98107000,78.0
56.40960000,43.98010000,77.0
56.41100000,43.97989000,76.0
56.41155000,43.97979000,76.0
56.41150000,43.97854000,76.0
56.41144000,43.97752000,76.0
56.41143000,43.97713000,75.0
56.41144000,43.97707000,75.0
56.41148000,43.97701000,75.0
56.41162000,43.97696000,75.0
56.41192000,43.97542000,75.0
56.41211000,43.97464000,72.0
56.41217000,43.97449000,72.0
56.41225000,43.97437000,72.0
56.41235000,43.97429000,71.0
56.41303000,43.97385000,70.0
56.41413000,43.97290000,71.0
56.41526000,43.97162000,70.0
56.41582000,43.97107000,71.0
56.41582000,43.97108000,71.0
56.41647000,43.97039000,71.0
56.41719000,43.96943000,71.0
56.41776000,43.96856000,70.0
56.41831000,43.96752000,71.0
56.41929000,43.96529000,71.0
56.41956000,43.96454000,71.0
56.42016000,43.96257000,74.0
56.42048000,43.96118000,71.0
56.42071000,43.95961000,71.0
56.42113000,43.95623000,71.0
56.42123000,43.95526000,71.0
56.42129000,43.95412000,71.0
56.42134000,43.95169000,69.0
56.42134000,43.94989000,69.0
56.42132000,43.94821000,69.0
56.42126000,43.94593000,70.0
56.42128000,43.94446000,71.0
56.42136000,43.94251000,70.0
56.42144000,43.93835000,70.0
56.42142000,43.93752000,70.0
56.42134000,43.93677000,70.0
56.42114000,43.93561000,72.0
56.42106000,43.93498000,71.0
56.42103000,43.93451000,72.0
56.42103000,43.93349000,72.0
56.42105000,43.93324000,72.0
56.42111000,43.93288000,71.0
56.42119000,43.93248000,72.0
56.42141000,43.93155000,72.0
56.42151000,43.93107000,71.0
56.42206000,43.92776000,71.0
56.42222000,43.92672000,73.0
56.42229000,43.92636000,71.0
56.42249000,43.92579000,71.0
56.42271000,43.92537000,70.0
56.42279000,43.92525000,69.0
56.42341000,43.92473000,70.0
56.42360000,43.92468000,70.0
56.42381000,43.92472000,71.0
56.42408000,43.92488000,70.0
56.42540000,43.92589000,71.0
56.42560000,43.92597000,71.0
56.42586000,43.92601000,70.0
56.42601000,43.92600000,70.0
56.42623000,43.92593000,70.0
56.42650000,43.92574000,71.0
56.42753000,43.92439000,70.0
56.42779000,43.92411000,70.0
56.42798000,43.92396000,70.0
56.42869000,43.92378000,71.0
56.42924000,43.92360000,72.0
56.43065000,43.92297000,72.0
56.43177000,43.92267000,70.0
56.43599000,43.92134000,72.0
56.43636000,43.92108000,72.0
56.43667000,43.92069000,72.0
56.43699000,43.92015000,73.0
56.43724000,43.91967000,74.0
56.43763000,43.91883000,74.0
56.43791000,43.91782000,75.0
56.43825000,43.91639000,75.0
56.43869000,43.91432000,75.0
56.43912000,43.91233000,75.0
56.43930000,43.91180000,75.0
56.44063000,43.91002000,84.0
56.44101000,43.90954000,85.0
56.44142000,43.90882000,87.0
56.44229000,43.90709000,89.0
56.44309000,43.90566000,93.0
56.44326000,43.90514000,95.0
56.44360000,43.90397000,98.0
56.44364000,43.90375000,99.0
56.44490000,43.89947000,96.0
56.44508000,43.89917000,94.0
56.44530000,43.89900000,92.0
56.44557000,43.89896000,92.0
56.44628000,43.89915000,92.0
56.44739000,43.89951000,89.0
56.44898000,43.90004000,90.0
56.44971000,43.90032000,90.0
56.45018000,43.90063000,91.0
56.45062000,43.90103000,90.0
56.45236000,43.90289000,89.0
56.45379000,43.90488000,89.0
56.45449000,43.90594000,88.0
56.45480000,43.90624000,88.0
56.45514000,43.90634000,88.0
56.45556000,43.90631000,87.0
56.45603000,43.90613000,87.0
56.45670000,43.90562000,88.0
56.45917000,43.90354000,88.0
56.46224000,43.90100000,84.0
56.46425000,43.89929000,88.0
56.46451000,43.89896000,88.0
56.46467000,43.89870000,88.0
56.46506000,43.89773000,89.0
56.46553000,43.89651000,88.0
56.46582000,43.89586000,88.0
56.46619000,43.89519000,87.0
56.46794000,43.89243000,88.0
56.46880000,43.89119000,87.0
56.47244000,43.88560000,89.0
56.47414000,43.88289000,89.0
56.47480000,43.88174000,89.0
56.47501000,43.88128000,89.0
56.47516000,43.88081000,88.0
56.47532000,43.88016000,88.0
56.47548000,43.87905000,88.0
56.47565000,43.87762000,87.0
56.47590000,43.87587000,87.0
56.47598000,43.87555000,87.0
56.47608000,43.87535000,87.0
56.48398000,43.86737000,90.0
56.48771000,43.86371000,91.0
56.48966000,43.86175000,93.0
56.49774000,43.85360000,91.0
56.49979000,43.85149000,93.0
56.50019000,43.85115000,93.0
56.50041000,43.85100000,93.0
56.50154000,43.85058000,95.0
56.50197000,43.85038000,94.0
56.50226000,43.85012000,93.0
56.50250000,43.84972000,92.0
56.50281000,43.84916000,93.0
56.50395000,43.84632000,93.0
56.50424000,43.84576000,92.0
56.50505000,43.84474000,92.0
56.50558000,43.84402000,95.0
56.50591000,43.84370000,95.0
56.50624000,43.84342000,94.0
56.50985000,43.84085000,95.0
56.51088000,43.84029000,93.0
56.51478000,43.83873000,96.0
56.51778000,43.83749000,96.0
56.51989000,43.83667000,98.0
56.52074000,43.83629000,98.0
56.52767000,43.83192000,93.0
56.52818000,43.83156000,94.0
56.52816000,43.82240000,94.0
56.52816000,43.82239000,94.0
56.52815000,43.81444000,93.0
56.52821000,43.81271000,92.0
56.52836000,43.81169000,92.0
56.52859000,43.81084000,94.0
56.52883000,43.81016000,94.0
56.53021000,43.80737000,92.0
56.53132000,43.80467000,92.0
56.53237000,43.80133000,92.0
56.53398000,43.79446000,92.0
56.53461000,43.79159000,91.0
56.54024000,43.76743000,95.0
56.54074000,43.76574000,95.0
56.54145000,43.76433000,95.0
56.54417000,43.76101000,96.0
56.54581000,43.75857000,96.0
56.54879000,43.75386000,96.0
56.54970000,43.75203000,96.0
56.55062000,43.74993000,99.0
56.55396000,43.74303000,96.0
56.55950000,43.73197000,95.0
56.57253000,43.70653000,93.0
56.57390000,43.70380000,94.0
56.57531000,43.70071000,95.0
56.58739000,43.67021000,88.0
56.58845000,43.66739000,89.0
56.59045000,43.66220000,91.0
56.59687000,43.64381000,87.0
56.60829000,43.61085000,84.0
56.60920000,43.60802000,81.0
56.61080000,43.60285000,80.0
56.61167000,43.59968000,81.0
56.61185000,43.59890000,81.0
56.61376000,43.58865000,93.0
56.61452000,43.58447000,85.0
56.61456000,43.58403000,81.0
56.61456000,43.58361000,77.0
56.61455000,43.57986000,71.0
56.61456000,43.57821000,73.0
56.61460000,43.57638000,74.0
56.61472000,43.57318000,74.0
56.61497000,43.56764000,75.0
56.61512000,43.56539000,75.0
56.61520000,43.56477000,74.0
56.61534000,43.56416000,73.0
56.61593000,43.56216000,74.0
56.61629000,43.56098000,80.0
56.61647000,43.56051000,82.0
56.61667000,43.56006000,83.0
56.61697000,43.55952000,84.0
56.62177000,43.55239000,90.0
56.62508000,43.54753000,94.0
56.62752000,43.54389000,99.0
56.63256000,43.53415000,95.0
56.63780000,43.52412000,100.0
56.63811000,43.52283000,101.0
56.63839000,43.51604000,96.0
56.63874000,43.50833000,97.0
56.63894000,43.50724000,100.0
56.63953000,43.50492000,98.0
56.64031000,43.50198000,98.0
56.64063000,43.50199000,97.0
56.64599000,43.50169000,106.0
56.64603000,43.50299000,106.0
56.64634000,43.50881000,108.0
56.64642000,43.50960000,106.0
56.64663000,43.51041000,103.0
56.64717000,43.51224000,102.0
56.65248000,43.50680000,108.0
56.66100000,43.49879000,110.0
56.66173000,43.49791000,109.0
56.66228000,43.49716000,108.0
56.67037000,43.48498000,107.0
56.67084000,43.48419000,105.0
56.67734000,43.47208000,112.0
56.67775000,43.47136000,113.0
56.67828000,43.47049000,111.0
56.67997000,43.46812000,109.0
56.68036000,43.46766000,109.0
56.68060000,43.46743000,110.0
56.68106000,43.46686000,111.0
56.68126000,43.46678000,110.0
56.68161000,43.46674000,108.0
56.68413000,43.46703000,106.0
56.68846000,43.46764000,105.0
56.69619000,43.46867000,114.0
56.69674000,43.46877000,113.0
56.69715000,43.46892000,112.0
56.71276000,43.47639000,110.0
56.71551000,43.47766000,113.0
56.71642000,43.47817000,113.0
56.73293000,43.49081000,112.0
56.73440000,43.49196000,112.0
56.73503000,43.49241000,109.0
56.73643000,43.49310000,113.0
56.74311000,43.49620000,114.0
56.74345000,43.49651000,112.0
56.74378000,43.49690000,113.0
56.74430000,43.49778000,113.0
56.74458000,43.49817000,113.0
56.74485000,43.49837000,114.0
56.74550000,43.49854000,113.0
56.74743000,43.49917000,114.0
56.75335000,43.50103000,126.0
56.75406000,43.50139000,125.0
56.75475000,43.50200000,120.0
56.75821000,43.50564000,127.0
56.75892000,43.50644000,122.0
56.75955000,43.50709000,122.0
56.76098000,43.50840000,125.0
56.76726000,43.51377000,127.0
56.76763000,43.51406000,127.0
56.76803000,43.51424000,129.0
56.77204000,43.51490000,128.0
56.77203000,43.51490000,128.0
56.77435000,43.51528000,125.0
56.77505000,43.51548000,120.0
56.77547000,43.51568000,114.0
56.77606000,43.51626000,119.0
56.77833000,43.51879000,120.0
56.77870000,43.51902000,123.0
56.77909000,43.51917000,124.0
56.78168000,43.51975000,125.0
56.78195000,43.51997000,125.0
56.78224000,43.52043000,125.0
56.78314000,43.52278000,128.0
56.78337000,43.52325000,129.0
56.78374000,43.52368000,129.0
56.78702000,43.52722000,129.0
56.78736000,43.52779000,129.0
56.78922000,43.53653000,124.0
56.78945000,43.53710000,122.0
56.78974000,43.53744000,122.0
56.79008000,43.53767000,123.0
56.79199000,43.53832000,127.0
56.79311000,43.53877000,125.0
56.79375000,43.53944000,127.0
56.79546000,43.54163000,122.0
56.79689000,43.54325000,119.0
56.79877000,43.53790000,112.0
56.79999000,43.53468000,108.0
56.80012000,43.53391000,107.0
56.80011000,43.53325000,108.0
56.79951000,43.53055000,113.0
56.79930000,43.52895000,115.0
56.79951000,43.52758000,114.0
56.80040000,43.52543000,116.0
56.80291000,43.52011000,121.0
56.80426000,43.51869000,121.0
56.80564000,43.51739000,120.0
56.80583000,43.51702000,118.0
56.80597000,43.51644000,119.0
56.80601000,43.51570000,122.0
56.80599000,43.51290000,126.0
56.80594000,43.51148000,127.0
56.80582000,43.51032000,127.0
56.80556000,43.50924000,125.0
56.80522000,43.50822000,125.0
56.80470000,43.50653000,125.0
56.80448000,43.50562000,127.0
56.80412000,43.50315000,127.0
56.80409000,43.50214000,128.0
56.80436000,43.49976000,124.0
56.80486000,43.49721000,120.0
56.80521000,43.49631000,119.0
56.80564000,43.49540000,119.0
56.80796000,43.49090000,126.0
56.80987000,43.48670000,118.0
56.81077000,43.48462000,120.0
56.81294000,43.47832000,123.0
56.81350000,43.47767000,121.0
56.81449000,43.47743000,120.0
56.81599000,43.47721000,119.0
56.81630000,43.47745000,120.0
56.81855000,43.47963000,124.0
56.82042000,43.46935000,124.0
56.82060000,43.46873000,125.0
56.82079000,43.46828000,125.0
56.82129000,43.46751000,123.0
56.82188000,43.46652000,120.0
56.82396000,43.46313000,119.0
56.82459000,43.45987000,116.0
56.82699000,43.43884000,112.0
56.82767000,43.43615000,107.0
56.82777000,43.43557000,108.0
56.82772000,43.43511000,109.0
56.82745000,43.43423000,112.0
56.82694000,43.43278000,114.0
56.82574000,43.43034000,116.0
56.82500000,43.42867000,110.0
56.82421000,43.42711000,111.0
56.82387000,43.42657000,110.0
56.82364000,43.42570000,111.0
56.82330000,43.42146000,115.0
56.82313000,43.42027000,114.0
56.82283000,43.41919000,113.0
56.82180000,43.41670000,113.0
56.82161000,43.41571000,107.0
56.82158000,43.41497000,106.0
56.82167000,43.41416000,108.0
56.82168000,43.41313000,109.0
56.82159000,43.41175000,114.0
56.82138000,43.41013000,116.0
56.82063000,43.40658000,117.0
56.81909000,43.39706000,116.0
56.81901000,43.39660000,116.0
56.81841000,43.39666000,115.0
56.81814000,43.39650000,114.0
56.81789000,43.39612000,114.0
56.81656000,43.39265000,110.0
56.81656000,43.39264000,110.0
56.81576000,43.39056000,107.0
56.81345000,43.38563000,107.0
56.81322000,43.38534000,106.0
56.81281000,43.38520000,106.0
56.81123000,43.38508000,104.0
56.80886000,43.38496000,104.0
56.80689000,43.38465000,108.0
56.80490000,43.38417000,105.0
56.80461000,43.38404000,103.0
56.80388000,43.38327000,103.0
56.80042000,43.39493000,98.0
56.79897000,43.40007000,109.0
56.79874000,43.40052000,107.0
56.79840000,43.40067000,105.0
56.79329000,43.40060000,99.0
56.77583000,43.39853000,107.0
56.76817000,43.39771000,117.0
56.75068000,43.39565000,113.0
56.75017000,43.39552000,111.0
56.74594000,43.39751000,110.0
56.73864000,43.40072000,107.0
56.73840000,43.40095000,108.0
56.73742000,43.40233000,105.0
56.73677000,43.40332000,110.0
56.73613000,43.40444000,106.0
56.73528000,43.40569000,106.0
56.73496000,43.40607000,106.0
56.73471000,43.40633000,107.0
56.72497000,43.41435000,116.0
56.72463000,43.41450000,116.0
56.72429000,43.41446000,116.0
56.72369000,43.41391000,114.0
56.72340000,43.41370000,115.0
56.72315000,43.41365000,115.0
56.72244000,43.41392000,114.0
56.71696000,43.41433000,112.0
56.71667000,43.41438000,112.0
56.71644000,43.41444000,112.0
56.71540000,43.41481000,112.0
56.71227000,43.41599000,106.0
56.71177000,43.41611000,106.0
56.71139000,43.41613000,107.0
56.71075000,43.41601000,106.0
56.70942000,43.41585000,107.0
56.70159000,43.41631000,109.0
56.69945000,43.41636000,110.0
56.69770000,43.41668000,111.0
56.69414000,43.41739000,110.0
56.69337000,43.41751000,110.0
56.69293000,43.41777000,109.0
56.69262000,43.41814000,108.0
56.69236000,43.41863000,107.0
56.69061000,43.42267000,108.0
56.69012000,43.42408000,106.0
56.68940000,43.42694000,99.0
56.68906000,43.42817000,95.0
56.68882000,43.42882000,92.0
56.68875000,43.42893000,91.0
56.68850000,43.42921000,89.0
56.68807000,43.42959000,85.0
56.68776000,43.42980000,86.0
56.68727000,43.42989000,90.0
56.68612000,43.42996000,93.0
56.68590000,43.42925000,90.0
56.68562000,43.42859000,88.0
56.68046000,43.41900000,84.0
56.67823000,43.41481000,91.0
56.67822000,43.41481000,91.0
56.65729000,43.37570000,84.0
56.65706000,43.37532000,84.0
56.65683000,43.37503000,84.0
56.65661000,43.37486000,84.0
56.65619000,43.37465000,85.0
56.65604000,43.37461000,85.0
56.64855000,43.37480000,83.0
56.64836000,43.37482000,83.0
56.64816000,43.37488000,82.0
56.64800000,43.37501000,82.0
56.64785000,43.37527000,82.0
56.64774000,43.37554000,81.0
56.64359000,43.39643000,79.0
56.64341000,43.39710000,78.0
56.64323000,43.39757000,78.0
56.64303000,43.39792000,76.0
56.64109000,43.40022000,77.0
56.64039000,43.40098000,78.0
56.63843000,43.40323000,76.0
56.63411000,43.40826000,78.0
56.62788000,43.41547000,77.0
56.62758000,43.41585000,77.0
56.62739000,43.41622000,77.0
56.62726000,43.41654000,77.0
56.62717000,43.41683000,77.0
56.62704000,43.41752000,77.0
56.62702000,43.41789000,77.0
56.62700000,43.41843000,77.0
56.62705000,43.41945000,77.0
56.62707000,43.42018000,78.0
56.62705000,43.42043000,78.0
56.62701000,43.42072000,78.0
56.62694000,43.42101000,78.0
56.62678000,43.42143000,78.0
56.62650000,43.42189000,78.0
56.62595000,43.42261000,75.0
56.62388000,43.42516000,77.0
56.62172000,43.42787000,76.0
56.62070000,43.42907000,75.0
56.61955000,43.43057000,74.0
56.61659000,43.43420000,74.0
56.61504000,43.43614000,78.0
56.61390000,43.43766000,75.0
56.60966000,43.44402000,76.0
56.60909000,43.44471000,77.0
56.60878000,43.44503000,79.0
56.60842000,43.44534000,78.0
56.60566000,43.44751000,77.0
56.60163000,43.45082000,76.0
56.60111000,43.45127000,75.0
56.60060000,43.45181000,76.0
56.59935000,43.45357000,75.0
56.59684000,43.45745000,75.0
56.59603000,43.45858000,77.0
56.59177000,43.46346000,76.0
56.59109000,43.46420000,74.0
56.58712000,43.46872000,74.0
56.58650000,43.46930000,76.0
56.58525000,43.47013000,75.0
56.58042000,43.47243000,77.0
56.57800000,43.47361000,79.0
56.57760000,43.47386000,78.0
56.57686000,43.47444000,78.0
56.56915000,43.48171000,74.0
56.56818000,43.48291000,76.0
56.56747000,43.48392000,75.0
56.56006000,43.49663000,74.0
56.55922000,43.49819000,74.0
56.55840000,43.49992000,73.0
56.55743000,43.50231000,73.0
56.55677000,43.50417000,73.0
56.55323000,43.51685000,71.0
56.55287000,43.51802000,72.0
56.55269000,43.51847000,72.0
56.55239000,43.51899000,74.0
56.55138000,43.52037000,75.0
56.55035000,43.52165000,73.0
56.54941000,43.52271000,72.0
56.54851000,43.52055000,73.0
56.54727000,43.51782000,72.0
56.54517000,43.51309000,74.0
56.54515000,43.51161000,74.0
56.54494000,43.51067000,73.0
56.54487000,43.51028000,72.0
56.54207000,43.50220000,73.0
56.54200000,43.50180000,73.0
56.54199000,43.50146000,73.0
56.54202000,43.50100000,72.0
56.54258000,43.49741000,74.0
56.54263000,43.49479000,74.0
56.54243000,43.49320000,74.0
56.54305000,43.48697000,78.0
56.54296000,43.48624000,76.0
56.54191000,43.48135000,75.0
56.54191000,43.48134000,75.0
56.54105000,43.47731000,74.0
56.54085000,43.47601000,76.0
56.54021000,43.47144000,75.0
56.53919000,43.46723000,75.0
56.53903000,43.46665000,74.0
56.53803000,43.46439000,75.0
56.53511000,43.45743000,77.0
56.53454000,43.45601000,78.0
56.53427000,43.45551000,79.0
56.53409000,43.45526000,79.0
56.53384000,43.45515000,78.0
56.53336000,43.45516000,78.0
56.53316000,43.45523000,78.0
56.53300000,43.45533000,78.0
56.53280000,43.45555000,78.0
56.53176000,43.45684000,76.0
56.53141000,43.45706000,76.0
56.53054000,43.45699000,79.0
56.53038000,43.45703000,79.0
56.53010000,43.45720000,78.0
56.52993000,43.45725000,77.0
56.52979000,43.45718000,77.0
56.52946000,43.45691000,77.0
56.52799000,43.45594000,78.0
56.52702000,43.45578000,76.0
56.52504000,43.45569000,76.0
56.52385000,43.45662000,78.0
56.52240000,43.45758000,79.0
56.52095000,43.45801000,80.0
56.52073000,43.45796000,79.0
56.52058000,43.45776000,79.0
56.51816000,43.45264000,81.0
56.51749000,43.45054000,80.0
56.51649000,43.44724000,81.0
56.51621000,43.44646000,80.0
56.51585000,43.44583000,80.0
56.51542000,43.44535000,81.0
56.51504000,43.44505000,80.0
56.51442000,43.44474000,80.0
56.51385000,43.44438000,80.0
56.51345000,43.44408000,80.0
56.51322000,43.44387000,80.0
56.51031000,43.44067000,77.0
56.51011000,43.44036000,77.0
56.50967000,43.43937000,77.0
56.50935000,43.43851000,79.0
56.50917000,43.43824000,79.0
56.50889000,43.43796000,79.0
56.50836000,43.43752000,78.0
56.50811000,43.43714000,78.0
56.50760000,43.43616000,79.0
56.50739000,43.43567000,81.0
56.50721000,43.43515000,82.0
56.50705000,43.43455000,81.0
56.50696000,43.43371000,83.0
56.50708000,43.43191000,91.0
56.50703000,43.43107000,92.0
56.50610000,43.42445000,91.0
56.50142000,43.42645000,104.0
56.50108000,43.42684000,105.0
56.50089000,43.42728000,105.0
56.50067000,43.42764000,106.0
56.50033000,43.42811000,107.0
56.49981000,43.42854000,109.0
56.49925000,43.42894000,110.0
56.49917000,43.42882000,110.0
56.49862000,43.42818000,110.0
56.49848000,43.42806000,110.0
56.49749000,43.42758000,112.0
56.49700000,43.42743000,112.0
56.49672000,43.42745000,113.0
56.49603000,43.42765000,114.0
56.49533000,43.42796000,116.0
56.49496000,43.42807000,118.0
56.49328000,43.42846000,121.0
56.49288000,43.42847000,122.0
56.49188000,43.42829000,123.0
56.49100000,43.42802000,121.0
56.48936000,43.42737000,119.0
56.48877000,43.42698000,119.0
56.48686000,43.42521000,105.0
56.48649000,43.42489000,101.0
56.48601000,43.42456000,98.0
56.48568000,43.42440000,96.0
56.48536000,43.42428000,96.0
56.48453000,43.42407000,88.0
56.48444000,43.42399000,87.0
56.48440000,43.42399000,87.0
56.48421000,43.42385000,87.0
56.48398000,43.42359000,87.0
56.48378000,43.42325000,87.0
56.48362000,43.42290000,86.0
56.48321000,43.42138000,86.0
56.48305000,43.42098000,87.0
56.48286000,43.42063000,88.0
56.48270000,43.42038000,89.0
56.48114000,43.41844000,98.0
56.48064000,43.41729000,99.0
56.47987000,43.41496000,102.0
56.47925000,43.41298000,104.0
56.47884000,43.41212000,104.0
56.47831000,43.41125000,104.0
56.47792000,43.41076000,105.0
56.47757000,43.41047000,104.0
56.47701000,43.41006000,103.0
56.47680000,43.40986000,102.0
56.47648000,43.40944000,102.0
56.47633000,43.40917000,102.0
56.47612000,43.40865000,102.0
56.47599000,43.40848000,101.0
56.47586000,43.40837000,101.0
56.47458000,43.40773000,96.0
56.47409000,43.40761000,98.0
56.47402000,43.40761000,98.0
56.47391000,43.40771000,99.0
56.47385000,43.40788000,99.0
56.47382000,43.40814000,99.0
56.47382000,43.40862000,98.0
56.47379000,43.40891000,98.0
56.47375000,43.40921000,97.0
56.47366000,43.40956000,96.0
56.47357000,43.40986000,96.0
56.47194000,43.41421000,99.0
56.47154000,43.41534000,99.0
56.47059000,43.41829000,95.0
56.47026000,43.41920000,93.0
56.46979000,43.42033000,93.0
56.46951000,43.42082000,93.0
56.46925000,43.42120000,93.0
56.46894000,43.42158000,92.0
56.46865000,43.42183000,92.0
56.46838000,43.42197000,92.0
56.46814000,43.42205000,92.0
56.46764000,43.42213000,93.0
56.46518000,43.42225000,99.0
56.46493000,43.42221000,100.0
56.46473000,43.42215000,100.0
56.46389000,43.42175000,99.0
56.46341000,43.42137000,97.0
56.46311000,43.42106000,96.0
56.46245000,43.42027000,95.0
56.46203000,43.41966000,95.0
56.46175000,43.41908000,96.0
56.46041000,43.41598000,94.0
56.45772000,43.40949000,95.0
56.45687000,43.40795000,93.0
56.45594000,43.40665000,91.0
56.45551000,43.40624000,93.0
56.45456000,43.40549000,92.0
56.45288000,43.40441000,94.0
56.45269000,43.40440000,95.0
56.45252000,43.40445000,95.0
56.45278000,43.40616000,94.0
56.45317000,43.41013000,97.0
56.45316000,43.41130000,98.0
56.45300000,43.41256000,99.0
56.45284000,43.41365000,99.0
56.45280000,43.41488000,99.0
56.45285000,43.41908000,91.0
56.45263000,43.42065000,90.0
56.45244000,43.42144000,88.0
56.45219000,43.42198000,86.0
56.45188000,43.42212000,86.0
56.44961000,43.42263000,91.0
56.44909000,43.42307000,93.0
56.44879000,43.42352000,95.0
56.44870000,43.42371000,94.0
56.44843000,43.42453000,88.0
56.44814000,43.42566000,85.0
56.44767000,43.42673000,86.0
56.44714000,43.42747000,84.0
56.44645000,43.42800000,85.0
56.44574000,43.42846000,85.0
56.44429000,43.42939000,84.0
56.44342000,43.43046000,82.0
56.44418000,43.43524000,80.0
56.45285000,43.48398000,78.0
56.45420000,43.49107000,78.0
56.45754000,43.50746000,79.0
56.45783000,43.50856000,78.0
56.45875000,43.51154000,78.0
56.46019000,43.52039000,78.0
56.46088000,43.52442000,78.0
56.46135000,43.52690000,77.0
56.46184000,43.52930000,76.0
56.46398000,43.53695000,79.0
56.46422000,43.53759000,79.0
56.46472000,43.53879000,78.0
56.46549000,43.54075000,77.0
56.46565000,43.54162000,77.0
56.46570000,43.54302000,77.0
56.46583000,43.54811000,76.0
56.46587000,43.54893000,76.0
56.46595000,43.54989000,76.0
56.46611000,43.55061000,76.0
56.46644000,43.55165000,76.0
56.46786000,43.55537000,76.0
56.46796000,43.55562000,77.0
56.46815000,43.55586000,76.0
56.46915000,43.55647000,77.0
56.47218000,43.55820000,76.0
56.47254000,43.55851000,76.0
56.47286000,43.55903000,76.0
56.47306000,43.55960000,76.0
56.47314000,43.56025000,76.0
56.47309000,43.56163000,77.0
56.47312000,43.56244000,78.0
56.47325000,43.56313000,76.0
56.47345000,43.56362000,75.0
56.47366000,43.56407000,76.0
56.47395000,43.56445000,77.0
56.47421000,43.56470000,77.0
56.47455000,43.56492000,78.0
56.47901000,43.56736000,80.0
56.47945000,43.56783000,81.0
56.48112000,43.56968000,78.0
56.48255000,43.57083000,75.0
56.48271000,43.57098000,74.0
56.48307000,43.57144000,74.0
56.48539000,43.57555000,75.0
56.48564000,43.57603000,74.0
56.48578000,43.57635000,74.0
56.48608000,43.57727000,75.0
56.48692000,43.57965000,78.0
56.48705000,43.58008000,77.0
56.48709000,43.58032000,77.0
56.48710000,43.58195000,79.0
56.48711000,43.58953000,76.0
56.48712000,43.58991000,77.0
56.48715000,43.59044000,78.0
56.48726000,43.59160000,79.0
56.48771000,43.59697000,74.0
56.48719000,43.59718000,73.0
56.48668000,43.59734000,75.0
56.48637000,43.59754000,75.0
56.47527000,43.60872000,75.0
56.47486000,43.60917000,75.0
56.47391000,43.61015000,74.0
56.47133000,43.61274000,76.0
56.46903000,43.61496000,74.0
56.46832000,43.61557000,73.0
56.46716000,43.61663000,71.0
56.46121000,43.62184000,74.0
56.45761000,43.62504000,77.0
56.45584000,43.62664000,76.0
56.45409000,43.62817000,75.0
56.45245000,43.62967000,73.0
56.45026000,43.63157000,77.0
56.44838000,43.63325000,76.0
56.44808000,43.63343000,77.0
56.44780000,43.63351000,78.0
56.44743000,43.63344000,78.0
56.44711000,43.63332000,77.0
56.43397000,43.62830000,75.0
56.43060000,43.62705000,78.0
56.42875000,43.62633000,80.0
56.42817000,43.62614000,81.0
56.42763000,43.62611000,79.0
56.42709000,43.62621000,78.0
56.42641000,43.62659000,80.0
56.42560000,43.62744000,80.0
56.42481000,43.62838000,79.0
56.40859000,43.64758000,81.0
56.40504000,43.65177000,82.0
56.40379000,43.65321000,82.0
56.40310000,43.65405000,81.0
56.40243000,43.65522000,83.0
56.39499000,43.67967000,82.0
56.39140000,43.69146000,81.0
56.39123000,43.69211000,82.0
56.39089000,43.69314000,81.0
56.38969000,43.69712000,78.0
56.38947000,43.69804000,80.0
56.38940000,43.69848000,80.0
56.38935000,43.69895000,78.0
56.38932000,43.69971000,78.0
56.38915000,43.70266000,81.0
56.38886000,43.70828000,83.0
56.38847000,43.71467000,85.0
56.38827000,43.71841000,84.0
56.38823000,43.72050000,86.0
56.38826000,43.72149000,85.0
56.38833000,43.72239000,86.0
56.38892000,43.72762000,81.0
56.38935000,43.73131000,81.0
56.38939000,43.73197000,82.0
56.38941000,43.73255000,82.0
56.38939000,43.73307000,82.0
56.38933000,43.73401000,83.0
56.38903000,43.73752000,80.0
56.38890000,43.73936000,78.0
56.38866000,43.74222000,80.0
56.38861000,43.74301000,80.0
56.38858000,43.74389000,78.0
56.38858000,43.74436000,76.0
56.38859000,43.74474000,75.0
56.38865000,43.74547000,76.0
56.38872000,43.74603000,77.0
56.38910000,43.74851000,78.0
56.38969000,43.75257000,78.0
56.38976000,43.75318000,77.0
56.38978000,43.75350000,77.0
56.38976000,43.75430000,77.0
56.38957000,43.75708000,78.0
56.38950000,43.75792000,78.0
56.38918000,43.76052000,79.0
56.38887000,43.76286000,80.0
56.38867000,43.76409000,81.0
56.38783000,43.76888000,80.0
56.38756000,43.77041000,79.0
56.38707000,43.77302000,77.0
56.38686000,43.77403000,77.0
56.38662000,43.77508000,78.0
56.38627000,43.77637000,77.0
56.38591000,43.77756000,77.0
56.38540000,43.77934000,77.0
56.38525000,43.77996000,77.0
56.38395000,43.78583000,75.0
56.38324000,43.78916000,76.0
56.38268000,43.79216000,76.0
56.38245000,43.79350000,77.0
56.38210000,43.79532000,79.0
56.38181000,43.79695000,78.0
56.38171000,43.79765000,78.0
56.38169000,43.79788000,78.0
56.38168000,43.79870000,77.0
56.38162000,43.80008000,77.0
56.38149000,43.80284000,76.0
56.38144000,43.80351000,77.0
56.38137000,43.80424000,76.0
56.38120000,43.80554000,76.0
56.38036000,43.81082000,76.0
56.37994000,43.81357000,75.0
56.37985000,43.81456000,75.0
56.37979000,43.81527000,75.0
56.37978000,43.81628000,75.0
56.38064000,43.83013000,77.0
56.38065000,43.83047000,76.0
56.38064000,43.83070000,76.0
56.38060000,43.83089000,75.0
56.38054000,43.83108000,76.0
56.38024000,43.83160000,76.0
56.38004000,43.83183000,76.0
56.37991000,43.83195000,76.0
56.37969000,43.83210000,76.0
56.37926000,43.83229000,76.0
56.37885000,43.83253000,76.0
56.37572000,43.83460000,75.0
56.37474000,43.83537000,74.0
56.37386000,43.83614000,75.0
56.37359000,43.83642000,74.0
56.37344000,43.83660000,74.0
56.37329000,43.83683000,74.0
56.37050000,43.84226000,73.0
56.37011000,43.84296000,73.0
56.36978000,43.84351000,74.0
56.36952000,43.84387000,74.0
56.36922000,43.84421000,74.0
56.36821000,43.84518000,73.0
56.36646000,43.84678000,77.0
56.36614000,43.84715000,76.0
56.36592000,43.84753000,77.0
56.36517000,43.84942000,78.0
56.36473000,43.85063000,78.0
56.36427000,43.85207000,77.0
56.36375000,43.85359000,78.0
56.36304000,43.85592000,77.0
56.36260000,43.85762000,79.0
56.36210000,43.85968000,80.0
56.36182000,43.86083000,78.0
56.36162000,43.86176000,77.0
56.36145000,43.86212000,77.0
56.36126000,43.86227000,77.0
56.36111000,43.86235000,78.0
56.35977000,43.86325000,78.0
56.35660000,43.86521000,77.0
56.35604000,43.86552000,79.0
56.35362000,43.86677000,79.0
56.35297000,43.86708000,80.0
56.35202000,43.86745000,81.0
56.34955000,43.86805000,78.0
56.34901000,43.86822000,77.0
56.34890000,43.86828000,77.0
56.34857000,43.86859000,76.0
56.34803000,43.86917000,75.0
56.34735000,43.86996000,76.0
56.34522000,43.87245000,75.0
56.34471000,43.87310000,75.0
56.34348000,43.87511000,75.0
56.34173000,43.87789000,78.0
56.33924000,43.88169000,76.0
56.33659000,43.88576000,77.0
56.33625000,43.88647000,76.0
56.33536000,43.88888000,78.0
56.33368000,43.89317000,77.0
56.33080000,43.90062000,77.0
56.33032000,43.90178000,78.0
56.32893000,43.90498000,77.0
56.32561000,43.91245000,78.0
56.32528000,43.91324000,76.0
56.32480000,43.91429000,77.0
56.32423000,43.91570000,77.0
56.32384000,43.91680000,78.0
56.32321000,43.91871000,77.0
56.32219000,43.92173000,78.0
56.32083000,43.92589000,77.0
56.32059000,43.92640000,76.0
56.32030000,43.92713000,77.0
56.32011000,43.92751000,77.0
56.31988000,43.92787000,75.0
56.31946000,43.92827000,74.0
56.31974000,43.92944000,74.0
56.31999000,43.93067000,74.0
56.32049000,43.93325000,78.0
56.32049000,43.93324000,78.0
56.32182000,43.94013000,75.0
56.32189000,43.94043000,75.0
56.32197000,43.94099000,74.0
56.32204000,43.94163000,72.0
56.32224000,43.94270000,73.0
56.32281000,43.94564000,75.0
56.32292000,43.94604000,75.0
56.32307000,43.94642000,75.0
56.32315000,43.94655000,75.0
56.32321000,43.94661000,75.0
56.32334000,43.94671000,75.0
56.32382000,43.94682000,77.0
56.32408000,43.94705000,77.0
56.32441000,43.94772000,78.0
56.32456000,43.94811000,78.0
56.32519000,43.95010000,77.0
56.32523000,43.95029000,77.0
56.32523000,43.95042000,77.0
56.32521000,43.95062000,77.0
56.32517000,43.95077000,77.0
56.32498000,43.95109000,76.0
56.32403000,43.95221000,75.0
56.32382000,43.95236000,74.0
56.32371000,43.95236000,74.0
56.32365000,43.95232000,74.0
56.32360000,43.95226000,74.0
56.32374000,43.95496000,77.0
56.32386000,43.95677000,79.0
56.32398000,43.95741000,81.0
56.32415000,43.95804000,79.0
56.32427000,43.95842000,76.0
56.32444000,43.95879000,75.0
56.32467000,43.95914000,74.0
56.32695000,43.96225000,73.0
56.32901000,43.96514000,73.0
56.33016000,43.96669000,77.0
56.33024000,43.96692000,76.0
56.33027000,43.96713000,75.0
56.33027000,43.96746000,70.0
56.33020000,43.96766000,66.0
56.32798000,43.97257000,61.0
56.32548000,43.97802000,78.0
56.32537000,43.97830000,78.0
56.32458000,43.97719000,78.0
56.32461000,43.97703000,77.0
56.32468000,43.97682000,76.0
56.32477000,43.97675000,76.0
56.32505000,43.97712000,78.0
56.32505000,43.97711000,78.0
56.32543000,43.97773000,77.0
56.32601000,43.97879000,75.0
56.32625000,43.97927000,75.0
56.32769000,43.98276000,72.0
56.32769000,43.98275000,72.0
56.32845000,43.98460000,73.0
56.32942000,43.98812000,77.0
56.32942000,43.98811000,77.0
56.33026000,43.99113000,77.0
56.33036000,43.99156000,77.0
56.33060000,43.99297000,73.0
56.33060000,43.99296000,73.0
56.33103000,43.99563000,74.0
56.33137000,43.99791000,75.0
56.33137000,43.99790000,75.0
56.33149000,43.99922000,74.0
56.33190000,44.00533000,75.0
56.33193000,44.00592000,76.0
56.33192000,44.00617000,77.0
56.33182000,44.00706000,76.0
56.33167000,44.00864000,75.0
56.33157000,44.00929000,77.0
56.33157000,44.00995000,78.0
56.33169000,44.01334000,75.0
56.33169000,44.01400000,76.0
56.33167000,44.01439000,74.0
56.33124000,44.01804000,78.0
56.33101000,44.02009000,74.0
56.33091000,44.02085000,74.0
56.33080000,44.02148000,74.0
56.33066000,44.02219000,74.0
56.33045000,44.02290000,75.0
56.33012000,44.02373000,77.0
56.33000000,44.02414000,77.0
56.32992000,44.02451000,78.0
56.32986000,44.02512000,78.0
56.32988000,44.02595000,78.0
56.32986000,44.02639000,78.0
56.32977000,44.02687000,79.0
56.32946000,44.02811000,79.0
56.32935000,44.02863000,76.0
56.32927000,44.02927000,76.0
56.32914000,44.03178000,74.0
56.32905000,44.03257000,75.0
56.32890000,44.03344000,74.0
56.32877000,44.03337000,75.0
56.32867000,44.03336000,75.0
56.32864000,44.03351000,75.0
